1 1 4.0 0 1
1 2 4.0 0 1
1 3 2.0 0 1
1 4 4.0 0 1
2 1 6.0 0 1
2 2 4.0 0 1
2 3 4.0 0 1
2 4 2.0 0 1
3 1 4.0 0 1
3 2 4.0 0 1
3 3 3.0 0 1
3 4 4.0 0 1
4 1 5.0 0 1
4 2 2.0 0 1
4 3 2.0 0 1
4 4 4.0 0 1
4 5 6.0 0 1
4 6 2.0 0 1
4 7 4.0 0 1
5 1 3.0 0 1
5 2 5.0 0 1
5 3 3.0 0 1
5 4 4.0 0 1
6 1 5.0 0 1
6 2 3.0 0 1
6 3 4.0 0 1
6 4 5.0 0 1
6 5 4.0 0 1
7 1 2.0 0 1
7 2 5.0 0 1
7 3 3.0 0 1
7 4 8.0 0 1
7 5 2.0 0 1
7 6 4.0 0 1
8 1 5.0 0 1
8 2 2.0 0 1
8 3 10.0 0 1
8 4 3.0 0 1
8 5 5.0 0 1
8 6 6.0 0 1
9 1 4.0 0 1
9 2 2.0 0 1
9 3 2.0 0 1
9 4 4.0 0 1
9 5 6.0 0 1
9 6 3.0 0 1
10 1 4.0 0 1
10 2 4.0 0 1
10 3 2.0 0 1
10 4 5.0 0 1
10 5 3.0 0 1
10 6 6.0 0 1
10 7 3.0 0 1
10 8 4.0 0 1
10 9 5.0 0 1
11 1 5.0 0 1
11 2 4.0 0 1
11 3 3.0 0 1
11 4 6.0 0 1
11 5 3.0 0 1
11 6 5.0 0 1
11 7 2.0 0 1
11 8 4.0 0 1
11 9 4.0 0 1
12 1 3.0 0 1
12 2 6.0 0 1
12 3 4.0 0 1
12 4 2.0 0 1
12 5 2.0 0 1
12 6 4.0 0 1
13 1 6.0 0 1
13 2 5.0 0 1
13 3 3.0 0 1
13 4 10.0 0 1
13 5 2.0 0 1
13 6 5.0 0 1
14 1 4.0 0 1
14 2 2.0 0 1
14 3 8.0 0 1
14 4 3.0 0 1
14 5 5.0 0 1
14 6 2.0 0 1
15 1 4.0 0 1
15 2 5.0 0 1
15 3 4.0 0 1
15 4 3.0 0 1
15 5 5.0 0 1
16 1 4.0 0 1
16 2 3.0 0 1
16 3 5.0 0 1
16 4 3.0 0 1
17 1 4.0 0 1
17 2 2.0 0 1
17 3 6.0 0 1
17 4 4.0 0 1
17 5 2.0 0 1
17 6 2.0 0 1
17 7 5.0 0 1
18 1 4.0 0 1
18 2 3.0 0 1
18 3 4.0 0 1
18 4 4.0 0 1
19 1 2.0 0 1
19 2 4.0 0 1
19 3 4.0 0 1
19 4 6.0 0 1
20 1 4.0 0 1
20 2 2.0 0 1
20 3 4.0 0 1
20 4 4.0 0 1
