1 547
2 548
3 549
4 550
5 551
6 552
7 553
8 554
9 555
10 556
11 557
12 558
13 559
14 560
15 561
16 562
17 563
18 564
19 565
20 566
21 567
22 568
23 569
24 570
25 571
26 572
27 573
28 574
29 575
30 576
31 577
32 578
33 579
34 580
35 581
36 582
37 583
38 584
39 585
40 586
41 587
42 588
43 589
44 590
45 591
46 592
47 593
48 594
49 595
50 596
51 597
52 598
53 599
54 600
55 601
56 602
57 603
58 604
59 605
60 606
61 607
62 608
63 609
64 610
65 611
66 612
67 613
68 614
69 615
70 616
71 617
72 618
73 619
74 620
75 621
76 622
77 623
78 624
79 625
80 626
81 627
82 628
83 629
84 630
85 631
86 632
87 633
88 634
89 635
90 636
91 637
92 638
93 639
94 640
95 641
96 642
97 643
98 644
99 645
100 646
101 647
102 648
103 649
104 650
105 651
106 652
107 653
108 654
109 655
110 656
111 657
112 658
113 659
114 660
115 661
116 662
117 663
118 664
119 665
120 666
121 667
122 668
123 669
124 670
125 671
126 672
127 673
128 674
129 675
130 676
131 677
132 678
133 679
134 680
135 681
136 682
137 683
138 684
139 685
140 686
141 687
142 688
143 689
144 690
145 691
146 692
147 693
148 694
149 695
150 696
151 697
152 698
153 699
154 700
155 701
156 702
157 703
158 704
159 705
160 706
161 707
162 708
163 709
164 710
165 711
166 712
167 713
168 714
169 715
170 716
171 717
172 718
173 719
174 720
175 721
176 722
177 723
178 724
179 725
180 726
181 727
182 728
183 729
184 730
185 731
186 732
187 733
188 734
189 735
190 736
191 737
192 738
193 739
194 740
195 741
196 742
197 743
198 744
199 745
200 746
201 747
202 748
203 749
204 750
205 751
206 752
207 753
208 754
209 755
210 756
211 757
212 758
213 759
214 760
215 761
216 762
217 763
218 764
219 765
220 766
221 767
222 768
223 769
224 770
225 771
226 772
227 773
228 774
229 775
230 776
231 777
232 778
233 779
234 780
235 781
236 782
237 783
238 784
239 785
240 786
241 787
242 788
243 789
244 790
245 791
246 792
247 793
248 794
249 795
250 796
251 797
252 798
253 799
254 800
255 801
256 802
257 803
258 804
259 805
260 806
261 807
262 808
263 809
264 810
265 811
266 812
267 813
268 814
269 815
270 816
271 817
272 818
273 819
274 820
275 821
276 822
277 823
278 824
279 825
280 826
281 827
282 828
283 829
284 830
285 831
286 832
287 833
288 834
289 835
290 836
291 837
292 838
293 839
294 840
295 841
296 842
297 843
298 844
299 845
300 846
301 847
302 848
303 849
304 850
305 851
306 852
307 853
308 854
309 855
310 856
311 857
312 858
313 859
314 860
315 861
316 862
317 863
318 864
319 865
320 866
321 867
322 868
323 869
324 870
325 871
326 872
327 873
328 874
329 875
330 876
331 877
332 878
333 879
334 880
335 881
336 882
337 883
338 884
339 885
340 886
341 887
342 888
343 889
344 890
345 891
346 892
347 893
348 894
349 895
350 896
351 897
352 898
353 899
354 900
355 901
356 902
357 903
358 904
359 905
360 906
361 907
362 908
363 909
364 910
365 911
366 912
367 913
368 914
369 915
370 916
371 917
372 918
373 919
374 920
375 921
376 922
377 923
378 924
379 925
380 926
381 927
382 928
383 929
384 930
385 931
386 932
387 933
388 390
388 391
388 708
388 802
389 390
389 801
389 914
390 388
390 389
390 925
391 388
391 392
391 709
391 715
392 391
392 393
392 713
392 717
393 392
393 394
393 712
393 716
394 393
394 395
394 584
394 601
395 394
395 396
395 584
395 600
396 395
396 397
397 396
397 398
397 588
397 604
398 397
398 399
398 400
398 403
399 398
399 537
399 604
399 609
400 398
400 401
400 587
400 609
401 400
401 402
401 585
401 590
402 401
403 398
403 404
403 606
403 611
404 403
404 405
404 675
404 680
405 404
405 406
405 488
406 405
406 407
406 677
406 682
407 406
407 408
407 687
407 692
408 407
408 409
408 689
408 694
409 408
409 410
409 538
409 539
410 409
410 411
410 690
410 700
411 410
411 412
411 685
411 695
412 411
412 413
413 412
413 414
413 730
413 734
414 413
414 415
414 731
414 735
415 414
415 416
415 727
415 733
416 415
416 417
416 726
416 732
417 416
417 732
417 913
417 926
418 419
418 921
418 922
418 923
419 418
419 420
419 739
419 743
420 419
420 421
420 751
420 752
421 420
421 422
421 753
421 754
422 421
422 423
422 762
422 766
423 422
423 424
423 764
423 767
424 423
424 425
424 773
424 777
425 424
425 426
425 775
425 779
426 425
426 427
426 441
427 426
427 428
427 594
427 779
428 427
428 429
428 431
429 428
429 430
429 593
429 778
430 429
431 428
431 432
431 593
431 597
432 431
432 433
432 595
432 599
433 432
433 434
433 616
433 617
434 433
434 435
434 618
434 619
435 434
435 436
435 552
435 554
436 435
436 437
436 496
437 436
437 438
437 554
437 556
438 437
438 439
438 535
438 536
438 540
439 438
439 440
439 614
439 615
440 439
440 441
440 612
440 613
441 426
441 440
441 591
441 596
442 443
442 898
442 899
442 929
443 442
443 444
443 897
443 898
444 443
444 445
445 444
445 446
445 885
445 886
446 445
446 447
446 858
446 859
447 446
447 448
447 848
447 849
448 447
448 449
448 664
448 665
449 448
449 450
449 662
449 663
450 449
450 451
450 453
450 508
451 450
451 452
451 654
451 655
452 451
452 525
452 652
452 654
453 450
453 454
453 650
453 841
454 453
454 455
454 838
454 840
455 454
455 456
455 833
455 835
456 455
456 457
456 834
456 836
457 456
457 458
457 829
457 831
458 457
458 459
458 467
458 468
459 458
459 460
459 832
459 845
460 459
460 461
460 872
460 875
461 460
461 462
461 874
461 877
462 461
462 873
462 876
462 927
463 464
463 928
464 463
464 465
464 883
464 884
465 464
465 466
465 862
465 881
466 465
466 467
466 855
466 862
467 458
467 466
467 845
467 855
468 458
468 469
468 829
468 830
469 468
469 470
469 819
469 824
470 469
470 471
470 817
470 822
471 470
471 472
471 815
471 816
472 471
472 473
472 813
472 815
473 472
473 474
473 475
473 707
473 813
474 473
474 538
474 701
474 706
475 473
475 476
475 706
475 707
476 475
476 477
476 705
476 707
477 476
477 478
477 503
477 504
478 477
478 479
478 633
478 703
479 478
479 480
479 629
479 693
480 479
480 481
480 483
480 484
480 486
481 480
481 482
481 483
481 691
482 481
483 480
483 481
483 539
483 693
484 480
484 485
484 627
484 629
485 484
485 489
485 626
485 628
486 480
486 535
486 627
486 691
487 488
487 535
487 681
487 682
488 405
488 487
488 680
488 682
489 485
489 490
489 630
489 631
490 489
490 491
490 557
490 631
491 490
491 492
491 558
491 559
492 491
492 493
492 561
492 562
493 492
493 494
493 497
493 562
493 564
494 493
494 495
494 561
494 563
495 494
495 496
495 551
495 560
496 436
496 495
496 553
496 556
497 493
497 498
498 497
498 499
498 533
499 498
499 500
499 567
499 569
500 499
500 501
500 566
500 570
501 500
501 502
501 571
501 636
502 501
502 503
502 632
502 634
503 477
503 502
503 504
503 633
504 477
504 503
504 505
504 635
505 504
505 506
505 634
505 639
506 505
506 507
506 639
506 644
507 506
507 508
507 578
507 646
508 450
508 507
508 509
509 508
509 510
509 659
509 667
510 509
510 511
510 658
510 666
511 510
511 512
511 521
511 522
512 511
512 513
512 661
512 670
513 512
513 514
513 902
513 905
514 513
514 515
514 903
514 905
515 514
515 516
515 534
515 544
515 932
516 515
516 517
516 903
516 906
517 516
517 518
517 908
517 909
518 517
518 911
518 912
518 930
519 520
519 521
519 668
519 670
520 519
521 511
521 519
521 666
521 670
522 511
522 523
523 522
523 530
523 545
524 525
524 545
524 578
524 647
525 452
525 524
525 652
525 657
526 527
526 528
526 541
526 546
527 526
527 542
527 543
527 546
528 526
528 529
528 573
528 575
529 528
529 530
529 531
530 523
530 529
530 575
530 577
531 529
531 532
531 573
531 574
532 531
532 533
532 569
532 574
533 498
533 532
533 568
533 569
534 515
534 543
534 933
535 438
535 486
535 487
536 438
536 537
536 615
537 399
537 536
537 608
537 610
538 409
538 474
538 699
538 704
539 409
539 483
539 694
539 704
540 438
540 583
540 622
541 526
541 582
541 902
542 527
542 902
542 903
543 527
543 534
543 903
544 515
544 903
544 904
545 523
545 524
545 577
545 580
546 526
546 527
547 1
547 548
547 549
547 621
548 2
548 547
548 550
548 552
548 618
549 3
549 547
549 550
549 551
550 4
550 548
550 549
550 551
550 552
550 553
550 560
551 5
551 495
551 549
551 550
551 563
552 6
552 435
552 548
552 550
552 553
552 618
552 619
553 7
553 496
553 550
553 552
553 560
554 8
554 435
554 437
554 614
554 619
554 622
554 625
555 9
555 556
555 622
555 624
555 625
556 10
556 437
556 496
556 555
556 557
556 560
556 624
557 11
557 490
557 556
557 558
557 559
557 624
557 630
558 12
558 491
558 557
558 560
558 561
559 13
559 491
559 557
559 562
559 566
559 631
560 14
560 495
560 550
560 553
560 556
560 558
560 561
561 15
561 492
561 494
561 558
561 560
562 16
562 492
562 493
562 559
562 563
562 567
563 17
563 494
563 551
563 562
563 564
564 18
564 493
564 563
564 565
565 19
565 564
565 568
565 569
566 20
566 500
566 559
566 567
566 631
567 21
567 499
567 562
567 566
568 22
568 533
568 565
568 574
569 23
569 499
569 532
569 533
569 565
569 570
569 572
569 573
570 24
570 500
570 569
570 571
570 572
571 25
571 501
571 570
571 572
571 631
571 632
571 634
571 637
572 26
572 569
572 570
572 571
572 573
572 576
572 637
573 27
573 528
573 531
573 569
573 572
573 577
574 28
574 531
574 532
574 568
574 575
575 29
575 528
575 530
575 574
575 580
575 581
576 30
576 572
576 577
576 578
576 637
576 643
577 31
577 530
577 545
577 573
577 576
577 578
578 32
578 507
578 524
578 576
578 577
578 579
578 580
578 643
578 645
579 33
579 578
579 580
579 582
579 647
579 656
580 34
580 545
580 575
580 578
580 579
580 581
580 582
581 35
581 575
581 580
581 582
582 36
582 541
582 579
582 580
582 581
582 660
583 37
583 540
584 38
584 394
584 395
584 586
584 588
584 605
584 710
584 712
584 768
584 808
585 39
585 401
585 586
585 587
585 771
586 40
586 584
586 585
586 588
586 772
587 41
587 400
587 585
587 588
587 592
587 604
588 42
588 397
588 584
588 586
588 587
589 43
589 590
589 591
589 594
589 775
590 44
590 401
590 589
590 592
590 776
591 45
591 441
591 589
591 592
591 608
591 613
592 46
592 587
592 590
592 591
592 608
592 609
593 47
593 429
593 431
593 594
593 595
594 48
594 427
594 589
594 593
594 596
595 49
595 432
595 593
595 596
595 612
595 617
596 50
596 441
596 594
596 595
596 612
596 613
597 51
597 431
597 599
597 778
598 52
598 599
598 616
598 620
599 53
599 432
599 597
599 598
599 616
599 617
600 54
600 395
600 601
600 602
600 605
601 55
601 394
601 600
601 603
601 716
602 56
602 600
602 603
602 607
602 671
603 57
603 601
603 602
603 672
603 718
604 58
604 397
604 399
604 587
604 605
604 606
605 59
605 584
605 600
605 604
605 607
606 60
606 403
606 604
606 607
606 675
607 61
607 602
607 605
607 606
607 676
608 62
608 537
608 591
608 592
608 609
608 613
609 63
609 399
609 400
609 592
609 608
609 611
610 64
610 537
610 611
610 615
610 679
611 65
611 403
611 609
611 610
611 680
612 66
612 440
612 595
612 596
612 614
612 617
613 67
613 440
613 591
613 596
613 608
613 615
614 68
614 439
614 554
614 612
614 619
614 622
615 69
615 439
615 536
615 610
615 613
615 622
616 70
616 433
616 598
616 599
616 618
616 620
617 71
617 433
617 595
617 599
617 612
617 619
618 72
618 434
618 548
618 552
618 616
618 621
619 73
619 434
619 552
619 554
619 614
619 617
620 74
620 598
620 616
620 621
621 75
621 547
621 618
621 620
622 76
622 540
622 554
622 555
622 614
622 615
622 623
622 625
623 77
623 622
623 624
623 627
623 681
624 78
624 555
624 556
624 557
624 623
624 626
625 79
625 554
625 555
625 622
626 80
626 485
626 624
626 627
626 630
627 81
627 484
627 486
627 623
627 626
628 82
628 485
628 629
628 631
628 632
629 83
629 479
629 484
629 628
629 633
630 84
630 489
630 557
630 626
631 85
631 489
631 490
631 559
631 566
631 571
631 628
631 636
632 86
632 502
632 571
632 628
632 633
632 636
633 87
633 478
633 503
633 629
633 632
634 88
634 502
634 505
634 571
634 635
634 637
635 89
635 504
635 634
635 640
635 705
636 90
636 501
636 631
636 632
637 91
637 571
637 572
637 576
637 634
637 644
638 92
638 640
638 642
638 707
638 815
638 825
638 826
639 93
639 505
639 506
639 640
639 641
640 94
640 635
640 638
640 639
640 642
641 95
641 639
641 642
641 646
641 648
642 96
642 638
642 640
642 641
642 649
643 97
643 576
643 578
643 644
644 98
644 506
644 637
644 643
644 646
645 99
645 578
645 646
645 647
645 652
646 100
646 507
646 641
646 644
646 645
646 653
647 101
647 524
647 579
647 645
647 657
648 102
648 641
648 649
648 650
648 653
649 103
649 642
649 648
649 651
649 825
650 104
650 453
650 648
650 651
650 655
651 105
651 649
651 650
651 827
651 842
652 106
652 452
652 525
652 645
652 653
653 107
653 646
653 648
653 652
653 655
654 108
654 451
654 452
654 659
654 662
655 109
655 451
655 650
655 653
655 663
656 110
656 579
656 657
656 658
656 660
657 111
657 525
657 647
657 656
657 659
658 112
658 510
658 656
658 659
658 661
659 113
659 509
659 654
659 657
659 658
660 114
660 582
660 656
660 661
660 902
661 115
661 512
661 658
661 660
661 902
662 116
662 449
662 654
662 664
662 667
663 117
663 449
663 655
663 665
663 841
664 118
664 448
664 662
664 669
664 849
665 119
665 448
665 663
665 843
665 849
666 120
666 510
666 521
666 667
666 668
667 121
667 509
667 662
667 666
667 669
668 122
668 519
668 666
668 669
668 850
669 123
669 664
669 667
669 668
669 851
670 124
670 512
670 519
670 521
670 854
670 902
670 905
671 125
671 602
671 672
671 673
671 676
672 126
672 603
672 671
672 674
672 722
673 127
673 671
673 674
673 678
673 683
674 128
674 672
674 673
674 684
674 724
675 129
675 404
675 606
675 676
675 677
676 130
676 607
676 671
676 675
676 678
677 131
677 406
677 675
677 678
677 687
678 132
678 673
678 676
678 677
678 688
679 133
679 610
679 680
679 681
680 134
680 404
680 488
680 611
680 679
681 135
681 487
681 623
681 679
681 691
682 136
682 406
682 487
682 488
682 692
683 137
683 673
683 684
683 685
683 688
684 138
684 674
684 683
684 728
685 139
685 411
685 683
685 686
685 690
686 140
686 685
686 730
687 141
687 407
687 677
687 688
687 689
688 142
688 678
688 683
688 687
688 690
689 143
689 408
689 687
689 690
689 699
690 144
690 410
690 685
690 688
690 689
691 145
691 481
691 486
691 681
691 692
692 146
692 407
692 682
692 691
692 694
693 147
693 479
693 483
693 694
693 703
694 148
694 408
694 539
694 692
694 693
695 149
695 411
695 696
695 697
695 700
696 150
696 695
696 698
696 734
697 151
697 695
697 698
697 702
697 809
698 152
698 696
698 697
698 736
698 810
699 153
699 538
699 689
699 700
699 701
700 154
700 410
700 695
700 699
700 702
701 155
701 474
701 699
701 702
701 813
702 156
702 697
702 700
702 701
702 814
703 157
703 478
703 693
703 704
703 705
704 158
704 538
704 539
704 703
704 706
705 159
705 476
705 635
705 703
705 706
706 160
706 474
706 475
706 704
706 705
707 161
707 473
707 475
707 476
707 638
708 162
708 388
708 709
708 714
708 913
709 163
709 391
709 708
709 711
709 713
709 803
710 164
710 584
710 712
710 806
711 165
711 709
711 713
711 807
712 166
712 393
712 584
712 710
712 713
713 167
713 392
713 709
713 711
713 712
713 716
714 168
714 708
714 715
714 720
714 913
715 169
715 391
715 714
715 717
715 719
715 721
716 170
716 393
716 601
716 713
716 717
716 718
717 171
717 392
717 715
717 716
717 719
718 172
718 603
718 716
718 719
718 722
719 173
719 715
719 717
719 718
719 723
720 174
720 714
720 721
720 726
720 913
721 175
721 715
721 720
721 723
721 725
721 727
722 176
722 672
722 718
722 723
722 724
723 177
723 719
723 721
723 722
723 725
724 178
724 674
724 722
724 725
724 728
725 179
725 721
725 723
725 724
725 729
726 180
726 416
726 720
726 727
726 913
727 181
727 415
727 721
727 726
727 729
727 731
728 182
728 684
728 724
728 729
728 730
729 183
729 725
729 727
729 728
729 731
730 184
730 413
730 686
730 728
730 731
731 185
731 414
731 727
731 729
731 730
732 186
732 416
732 417
732 733
732 864
733 187
733 415
733 732
733 735
733 737
733 865
734 188
734 413
734 696
734 735
734 736
735 189
735 414
735 733
735 734
735 737
736 190
736 698
736 734
736 737
736 866
737 191
737 733
737 735
737 736
737 866
738 192
738 740
738 742
738 746
738 784
738 920
739 193
739 419
739 740
739 741
739 921
740 194
740 738
740 739
740 742
740 920
741 195
741 739
741 742
741 743
741 747
742 196
742 738
742 740
742 741
742 748
743 197
743 419
743 741
743 744
743 745
743 751
743 752
743 921
743 922
744 198
744 743
744 745
744 922
745 199
745 743
745 744
745 755
746 200
746 738
746 748
746 750
746 757
746 792
747 201
747 741
747 748
747 749
747 752
748 202
748 742
748 746
748 747
748 750
749 203
749 747
749 750
749 754
749 758
750 204
750 746
750 748
750 749
750 759
751 205
751 420
751 743
751 753
751 755
752 206
752 420
752 743
752 747
752 754
753 207
753 421
753 751
753 756
753 762
754 208
754 421
754 749
754 752
754 763
755 209
755 745
755 751
755 756
756 210
756 753
756 755
756 766
757 211
757 746
757 759
757 761
757 768
757 800
758 212
758 749
758 759
758 760
758 763
759 213
759 750
759 757
759 758
759 761
760 214
760 758
760 761
760 765
760 769
761 215
761 757
761 759
761 760
761 770
762 216
762 422
762 753
762 763
762 764
763 217
763 754
763 758
763 762
763 765
764 218
764 423
764 762
764 765
764 773
765 219
765 760
765 763
765 764
765 774
766 220
766 422
766 756
766 767
767 221
767 423
767 766
767 777
768 222
768 584
768 757
768 770
768 772
768 808
769 223
769 760
769 770
769 771
769 774
770 224
770 761
770 768
770 769
770 772
771 225
771 585
771 769
771 772
771 776
772 226
772 586
772 768
772 770
772 771
773 227
773 424
773 764
773 774
773 775
774 228
774 765
774 769
774 773
774 776
775 229
775 425
775 589
775 773
775 776
776 230
776 590
776 771
776 774
776 775
777 231
777 424
777 767
777 778
777 779
778 232
778 429
778 597
778 777
778 779
779 233
779 425
779 427
779 777
779 778
780 234
780 781
780 785
780 914
780 916
781 235
781 780
781 782
781 786
781 917
782 236
782 781
782 783
782 787
782 917
782 918
783 237
783 782
783 784
783 788
783 789
783 918
783 919
784 238
784 738
784 783
784 792
784 919
785 239
785 780
785 786
785 793
785 914
786 240
786 781
786 785
786 787
786 794
787 241
787 782
787 786
787 789
787 791
787 795
788 242
788 783
788 789
788 790
788 792
789 243
789 783
789 787
789 788
789 791
790 244
790 788
790 791
790 792
790 796
791 245
791 787
791 789
791 790
791 797
792 246
792 746
792 784
792 788
792 790
792 800
793 247
793 785
793 794
793 801
793 914
794 248
794 786
794 793
794 795
794 802
795 249
795 787
795 794
795 797
795 799
795 803
796 250
796 790
796 797
796 798
796 800
797 251
797 791
797 795
797 796
797 799
798 252
798 796
798 799
798 800
798 804
799 253
799 795
799 797
799 798
799 805
800 254
800 757
800 792
800 796
800 798
800 808
801 255
801 389
801 793
801 802
801 913
802 256
802 388
802 794
802 801
802 803
803 257
803 709
803 795
803 802
803 805
803 807
804 258
804 798
804 805
804 806
804 808
805 259
805 799
805 803
805 804
805 807
806 260
806 710
806 804
806 807
806 808
807 261
807 711
807 803
807 805
807 806
808 262
808 584
808 768
808 800
808 804
808 806
809 263
809 697
809 810
809 811
809 814
810 264
810 698
810 809
810 812
810 866
811 265
811 809
811 812
811 816
811 817
812 266
812 810
812 811
812 818
812 866
813 267
813 472
813 473
813 701
813 814
814 268
814 702
814 809
814 813
814 816
815 269
815 471
815 472
815 638
815 821
816 270
816 471
816 811
816 814
816 822
817 271
817 470
817 811
817 818
817 819
818 272
818 812
818 817
818 820
818 869
819 273
819 469
819 817
819 820
819 829
820 274
820 818
820 819
820 830
820 869
821 275
821 815
821 822
821 823
821 826
822 276
822 470
822 816
822 821
822 824
823 277
823 821
823 824
823 828
823 833
824 278
824 469
824 822
824 823
824 834
825 279
825 638
825 649
825 826
825 827
826 280
826 638
826 821
826 825
826 828
827 281
827 651
827 825
827 828
827 837
828 282
828 823
828 826
828 827
828 838
829 283
829 457
829 468
829 819
829 834
830 284
830 468
830 820
830 832
830 872
831 285
831 457
831 836
831 845
832 286
832 459
832 830
832 872
833 287
833 455
833 823
833 834
833 838
834 288
834 456
834 824
834 829
834 833
835 289
835 455
835 836
835 840
835 846
836 290
836 456
836 831
836 835
836 846
837 291
837 827
837 838
837 839
837 842
838 292
838 454
838 828
838 833
838 837
839 293
839 837
839 840
839 844
839 847
840 294
840 454
840 835
840 839
840 847
841 295
841 453
841 663
841 842
841 843
842 296
842 651
842 837
842 841
842 844
843 297
843 665
843 841
843 844
843 848
844 298
844 839
844 842
844 843
844 848
845 299
845 459
845 467
845 831
845 846
845 875
846 300
846 835
846 836
846 845
846 847
846 856
847 301
847 839
847 840
847 846
847 848
847 857
848 302
848 447
848 843
848 844
848 847
848 858
849 303
849 447
849 664
849 665
849 851
849 853
849 859
850 304
850 668
850 851
850 852
850 854
851 305
851 669
851 849
851 850
851 853
852 306
852 850
852 853
852 854
852 860
853 307
853 849
853 851
853 852
853 860
854 308
854 670
854 850
854 852
854 861
854 905
854 907
855 309
855 466
855 467
855 856
855 878
856 310
856 846
856 855
856 857
856 863
857 311
857 847
857 856
857 858
857 885
858 312
858 446
858 848
858 857
858 886
859 313
859 446
859 849
859 860
859 887
860 314
860 852
860 853
860 859
860 861
860 888
861 315
861 854
861 860
861 888
861 907
861 910
862 316
862 465
862 466
862 863
862 889
863 317
863 856
863 862
863 885
863 890
864 318
864 732
864 865
864 867
864 913
865 319
865 733
865 864
865 866
865 868
866 320
866 736
866 737
866 810
866 812
866 865
866 868
866 869
867 321
867 864
867 868
867 870
868 322
868 865
868 866
868 867
868 869
868 871
869 323
869 818
869 820
869 866
869 868
869 872
870 324
870 867
870 871
871 325
871 868
871 870
871 872
871 874
872 326
872 460
872 830
872 832
872 869
872 871
873 327
873 462
873 874
874 328
874 461
874 871
874 873
874 875
875 329
875 460
875 845
875 874
875 878
876 330
876 462
876 877
876 879
877 331
877 461
877 876
877 878
877 880
878 332
878 855
878 875
878 877
878 881
879 333
879 876
879 880
879 882
880 334
880 877
880 879
880 881
880 883
881 335
881 465
881 878
881 880
881 884
882 336
882 879
882 883
883 337
883 464
883 880
883 882
884 338
884 464
884 881
884 889
885 339
885 445
885 857
885 863
885 892
886 340
886 445
886 858
886 887
886 892
887 341
887 859
887 886
887 888
887 893
888 342
888 860
888 861
888 887
888 894
888 910
889 343
889 862
889 884
889 895
890 344
890 863
890 891
890 896
891 345
891 890
891 896
891 897
891 899
892 346
892 885
892 886
892 897
893 347
893 887
893 894
893 898
893 901
894 348
894 888
894 893
894 910
895 349
895 889
895 896
896 350
896 890
896 891
896 895
896 899
897 351
897 443
897 891
897 892
897 899
898 352
898 442
898 443
898 893
898 900
899 353
899 442
899 891
899 896
899 897
900 354
900 898
900 901
901 355
901 893
901 900
902 356
902 513
902 541
902 542
902 660
902 661
902 670
903 357
903 514
903 516
903 542
903 543
903 544
904 358
904 544
904 906
905 359
905 513
905 514
905 670
905 854
905 906
905 907
906 360
906 516
906 904
906 905
906 908
906 909
906 931
907 361
907 854
907 861
907 905
907 908
907 910
908 362
908 517
908 906
908 907
908 911
908 912
909 363
909 517
909 906
909 912
910 364
910 861
910 888
910 894
910 907
910 911
911 365
911 518
911 908
911 910
912 366
912 518
912 908
912 909
913 367
913 417
913 708
913 714
913 720
913 726
913 801
913 864
914 368
914 389
914 780
914 785
914 793
914 915
915 369
915 914
915 916
916 370
916 780
916 915
916 917
917 371
917 781
917 782
917 916
917 918
918 372
918 782
918 783
918 917
918 919
919 373
919 783
919 784
919 918
919 920
919 924
920 374
920 738
920 740
920 919
920 921
921 375
921 418
921 739
921 743
921 920
922 376
922 418
922 743
922 744
923 377
923 418
924 378
924 919
925 379
925 390
926 380
926 417
927 381
927 462
928 382
928 463
929 383
929 442
930 384
930 518
931 385
931 906
932 386
932 515
933 387
933 534
