0.0001 4 4
0.0001 4 4
0.0001 4 4
0.0001 4 4
0.0001 4 4
0.0001 4 4
0.0001 4 4
0.0001 4 4
0.0001 4 4
0.0001 4 4
0.0001 4 4
0.0001 4 4
0.0001 4 4
0.0001 4 4
0.0001 4 4
0.0001 4 4
0.0001 4 4
0.0001 4 4
0.0001 4 4
0.0001 4 4
0.0001 4 4
0.0001 4 4
0.0001 4 4
0.0001 4 4
0.0001 4 4
0.0001 4 4
0.0001 4 4
0.0001 4 4
0.0001 4 4
0.0001 4 4
0.0001 4 4
0.0001 4 4
0.0001 4 4
0.0001 4 4
0.0001 4 4
0.0001 4 4
0.0001 4 4
0.0001 4 4
0.0001 4 4
0.0001 4 4
0.0001 4 4
0.0001 4 4
0.0001 4 4
0.0001 4 4
0.0001 4 4
0.0001 4 4
0.0001 4 4
0.0001 4 4
0.0001 4 4
0.0001 4 4
0.0001 4 4
0.0001 4 4
0.0001 4 4
0.0001 4 4
0.0001 4 4
0.0001 4 4
0.0001 4 4
0.0001 4 4
0.0001 4 4
0.0001 4 4
0.0001 4 4
0.0001 4 4
0.0001 4 4
0.0001 4 4
0.0001 4 4
0.0001 4 4
0.0001 4 4
0.0001 4 4
0.0001 4 4
0.0001 4 4
0.0001 4 4
0.0001 4 4
0.0001 4 4
0.0001 4 4
0.0001 4 4
0.0001 4 4
0.0001 4 4
0.0001 4 4
0.0001 4 4
0.0001 4 4
0.0001 4 4
0.0001 4 4
0.0001 4 4
0.0001 4 4
0.0001 4 4
0.0001 4 4
0.0001 4 4
0.0001 4 4
0.0001 4 4
0.0001 4 4
0.0001 4 4
0.0001 4 4
0.0001 4 4
0.0001 4 4
0.0001 4 4
0.0001 4 4
0.0001 4 4
0.0001 4 4
0.0001 4 4
0.0001 4 4
0.0001 4 4
0.0001 4 4
0.0001 4 4
0.0001 4 4
0.0001 4 4
0.0001 4 4
0.0001 4 4
0.0001 4 4
0.0001 4 4
0.0001 4 4
0.0001 4 4
0.0001 4 4
0.0001 4 4
0.0001 4 4
0.0001 4 4
0.0001 4 4
0.0001 4 4
0.0001 4 4
0.0001 4 4
0.0001 4 4
0.0001 4 4
0.0001 4 4
0.0001 4 4
0.0001 4 4
0.0001 4 4
0.0001 4 4
0.0001 4 4
0.0001 4 4
0.0001 4 4
0.0001 4 4
0.0001 4 4
0.0001 4 4
0.0001 4 4
0.0001 4 4
0.0001 4 4
0.0001 4 4
0.0001 4 4
0.0001 4 4
0.0001 4 4
0.0001 4 4
0.0001 4 4
0.0001 4 4
0.0001 4 4
0.0001 4 4
0.0001 4 4
0.0001 4 4
0.0001 4 4
0.0001 4 4
0.0001 4 4
0.0001 4 4
0.0001 4 4
0.0001 4 4
0.0001 4 4
0.0001 4 4
0.0001 4 4
0.0001 4 4
0.0001 4 4
0.0001 4 4
0.0001 4 4
0.0001 4 4
0.0001 4 4
0.0001 4 4
0.0001 4 4
0.0001 4 4
0.0001 4 4
0.0001 4 4
0.0001 4 4
0.0001 4 4
0.0001 4 4
0.0001 4 4
0.0001 4 4
0.0001 4 4
0.0001 4 4
0.0001 4 4
0.0001 4 4
0.0001 4 4
0.0001 4 4
0.0001 4 4
0.0001 4 4
0.0001 4 4
0.0001 4 4
0.0001 4 4
0.0001 4 4
0.0001 4 4
0.0001 4 4
0.0001 4 4
0.0001 4 4
0.0001 4 4
0.0001 4 4
0.0001 4 4
0.0001 4 4
0.0001 4 4
0.0001 4 4
0.0001 4 4
0.0001 4 4
0.0001 4 4
0.0001 4 4
0.0001 4 4
0.0001 4 4
0.0001 4 4
0.0001 4 4
0.0001 4 4
0.0001 4 4
0.0001 4 4
0.0001 4 4
0.0001 4 4
0.0001 4 4
0.0001 4 4
0.0001 4 4
0.0001 4 4
0.0001 4 4
0.0001 4 4
0.0001 4 4
0.0001 4 4
0.0001 4 4
0.0001 4 4
0.0001 4 4
0.0001 4 4
0.0001 4 4
0.0001 4 4
0.0001 4 4
0.0001 4 4
0.0001 4 4
0.0001 4 4
0.0001 4 4
0.0001 4 4
0.0001 4 4
0.0001 4 4
0.0001 4 4
0.0001 4 4
0.0001 4 4
0.0001 4 4
0.0001 4 4
0.0001 4 4
0.0001 4 4
0.0001 4 4
0.0001 4 4
0.0001 4 4
0.0001 4 4
0.0001 4 4
0.0001 4 4
0.0001 4 4
0.0001 4 4
0.0001 4 4
0.0001 4 4
0.0001 4 4
0.0001 4 4
0.0001 4 4
0.0001 4 4
0.0001 4 4
0.0001 4 4
0.0001 4 4
0.0001 4 4
0.0001 4 4
0.0001 4 4
0.0001 4 4
0.0001 4 4
0.0001 4 4
0.0001 4 4
0.0001 4 4
0.0001 4 4
0.0001 4 4
0.0001 4 4
0.0001 4 4
0.0001 4 4
0.0001 4 4
0.0001 4 4
0.0001 4 4
0.0001 4 4
0.0001 4 4
0.0001 4 4
0.0001 4 4
0.0001 4 4
0.0001 4 4
0.0001 4 4
0.0001 4 4
0.0001 4 4
0.0001 4 4
0.0001 4 4
0.0001 4 4
0.0001 4 4
0.0001 4 4
0.0001 4 4
0.0001 4 4
0.0001 4 4
0.0001 4 4
0.0001 4 4
0.0001 4 4
0.0001 4 4
0.0001 4 4
0.0001 4 4
0.0001 4 4
0.0001 4 4
0.0001 4 4
0.0001 4 4
0.0001 4 4
0.0001 4 4
0.0001 4 4
0.0001 4 4
0.0001 4 4
0.0001 4 4
0.0001 4 4
0.0001 4 4
0.0001 4 4
0.0001 4 4
0.0001 4 4
0.0001 4 4
0.0001 4 4
0.0001 4 4
0.0001 4 4
0.0001 4 4
0.0001 4 4
0.0001 4 4
0.0001 4 4
0.0001 4 4
0.0001 4 4
0.0001 4 4
0.0001 4 4
0.0001 4 4
0.0001 4 4
0.0001 4 4
0.0001 4 4
0.0001 4 4
0.0001 4 4
0.0001 4 4
0.0001 4 4
0.0001 4 4
0.0001 4 4
0.0001 4 4
0.0001 4 4
0.0001 4 4
0.0001 4 4
0.0001 4 4
0.0001 4 4
0.0001 4 4
0.0001 4 4
0.0001 4 4
0.0001 4 4
0.0001 4 4
0.0001 4 4
0.0001 4 4
0.0001 4 4
0.0001 4 4
0.0001 4 4
0.0001 4 4
0.0001 4 4
0.0001 4 4
0.0001 4 4
0.0001 4 4
0.0001 4 4
0.0001 4 4
0.0001 4 4
0.0001 4 4
0.0001 4 4
0.0001 4 4
0.0001 4 4
0.0001 4 4
0.0001 4 4
0.0001 4 4
0.0001 4 4
0.0001 4 4
0.0001 4 4
0.0001 4 4
0.0001 4 4
0.0001 4 4
0.0001 4 4
0.0001 4 4
0.0001 4 4
0.0001 4 4
0.0001 4 4
0.0001 4 4
0.0001 4 4
0.0001 4 4
0.0001 4 4
0.0001 4 4
0.0001 4 4
0.0001 4 4
0.0001 4 4
0.0001 4 4
0.0001 4 4
0.0001 4 4
0.0001 4 4
0.0001 4 4
0.0001 4 4
0.0001 4 4
0.0001 4 4
0.0001 4 4
11.09 4 4
5.98 4 4
2.9 4 4
4.78 4 4
4.34 4 4
9.58 4 4
3.96 4 4
11.09 4 4
4.34 4 4
6.93 4 4
5.98 4 4
4.22 4 4
0.53 4 4
6.36 4 4
4.22 4 4
2.55 4 4
1.05 4 4
2.98 4 4
2.55 4 4
3.42 4 4
2.62 4 4
1.87 4 4
3.42 4 4
2.42 4 4
4.97 4 4
1.75 4 4
2.42 4 4
3.65 4 4
3.88 4 4
1.36 4 4
3.65 4 4
2.11 4 4
2.11 4 4
2.36 4 4
3.02 4 4
1.28 4 4
2.36 4 4
0.72 4 4
2.11 4 4
3.06 4 4
0.72 4 4
4.28 4 4
3.32 4 4
0.88 4 4
2.11 4 4
4.09 4 4
0.88 4 4
6.72 4 4
4.09 4 4
1.69 4 4
1.7 4 4
1.81 4 4
1.69 4 4
3.06 4 4
3.26 4 4
2.84 4 4
2.07 4 4
3.26 4 4
1.05 4 4
3.14 4 4
1.27 4 4
1.05 4 4
2.53 4 4
1.01 4 4
2.53 4 4
3.31 4 4
2 4 4
2.45 4 4
3.31 4 4
3.25 4 4
1.71 4 4
2.47 4 4
3.25 4 4
2.17 4 4
2.19 4 4
2.11 4 4
2.17 4 4
3.93 4 4
1.47 4 4
2.86 4 4
3.93 4 4
2.72 4 4
2.9 4 4
1.09 4 4
2.72 4 4
2.73 4 4
3.04 4 4
1.04 4 4
2.73 4 4
2.61 4 4
2.61 4 4
2.62 4 4
3.35 4 4
0.65 4 4
2.62 4 4
4.1 4 4
3.29 4 4
0.54 4 4
4.1 4 4
5.67 4 4
4.8 4 4
3.01 4 4
5.67 4 4
5.15 4 4
1.54 4 4
5.28 4 4
5.15 4 4
9.84 4 4
3.45 4 4
6.29 4 4
5.27 4 4
3.86 4 4
4.77 4 4
8.98 4 4
5.27 4 4
4.47 4 4
5.07 4 4
1.44 4 4
4.47 4 4
3.29 4 4
2.57 4 4
1.68 4 4
3.29 4 4
3.53 4 4
0.94 4 4
2.86 4 4
3.53 4 4
3.11 4 4
0.87 4 4
3.61 4 4
3.11 4 4
3.43 4 4
0.6 4 4
4.08 4 4
3.43 4 4
3.31 4 4
1.3 4 4
3.72 4 4
3.31 4 4
1.71 4 4
2.62 4 4
1.48 4 4
1.71 4 4
1.11 4 4
4.82 4 4
1.11 4 4
3.5 4 4
1.43 4 4
2.65 4 4
3.5 4 4
0.78 4 4
1.04 4 4
0.78 4 4
0.63 4 4
2.39 4 4
2.77 4 4
0.63 4 4
1.04 4 4
3.52 4 4
1.27 4 4
2.91 4 4
3.52 4 4
2.62 4 4
3.16 4 4
1.33 4 4
2.62 4 4
2.35 4 4
3.4 4 4
1.5 4 4
2.35 4 4
3.07 4 4
4.12 4 4
0.65 4 4
3.07 4 4
1.92 4 4
0.89 4 4
3.93 4 4
1.92 4 4
3.08 4 4
1.02 4 4
3.08 4 4
4.14 4 4
0.62 4 4
7.18 4 4
4.14 4 4
2.4 4 4
8.17 4 4
2.11 4 4
1.68 4 4
2.4 4 4
2.53 4 4
2.72 4 4
1.94 4 4
2.53 4 4
2.63 4 4
2.64 4 4
1.88 4 4
4.82 4 4
2.63 4 4
3.19 4 4
0.72 4 4
3.59 4 4
6.49 4 4
2.78 4 4
6.31 4 4
3.59 4 4
4.45 4 4
1.3 4 4
3.98 4 4
4.45 4 4
5 4 4
5 4 4
6.27 4 4
6.37 4 4
1.05 4 4
6.27 4 4
5.78 4 4
2.41 4 4
5.21 4 4
5.78 4 4
3.98 4 4
5.59 4 4
1.87 4 4
3.98 4 4
3.28 4 4
2.78 4 4
1.17 4 4
3.28 4 4
2 4 4
2.91 4 4
1.41 4 4
2 4 4
1.44 4 4
4.56 4 4
3.8 4 4
1.44 4 4
2.18 4 4
1.81 4 4
2.48 4 4
2.18 4 4
2.32 4 4
2.17 4 4
2.28 4 4
4.56 4 4
10.27 4 4
2.82 4 4
1.48 4 4
10.27 4 4
3.23 4 4
1.93 4 4
2.45 4 4
3.23 4 4
2.7 4 4
2.7 4 4
2.85 4 4
2.7 4 4
2.93 4 4
2.01 4 4
2.41 4 4
2.93 4 4
1.5 4 4
3.65 4 4
0.72 4 4
1.5 4 4
1.43 4 4
5.17 4 4
2.91 4 4
1.43 4 4
4.66 4 4
1.27 4 4
7.72 4 4
4.66 4 4
6.3 4 4
5.86 4 4
2.21 4 4
6.3 4 4
5.39 4 4
2.35 4 4
5.87 4 4
5.39 4 4
3.45 4 4
4.35 4 4
7.78 4 4
3.9 4 4
15.96 4 4
3.9 4 4
7.21 4 4
3.92 4 4
3.18 4 4
7.21 4 4
5.74 4 4
4.5 4 4
2.48 4 4
5.74 4 4
5.33 4 4
1.67 4 4
5.4 4 4
5.17 4 4
5.33 4 4
2.09 4 4
5.88 4 4
2.91 4 4
2.92 4 4
1.33 4 4
2.85 4 4
2.92 4 4
2.73 4 4
0.34 4 4
4.01 4 4
2.73 4 4
4.12 4 4
0.74 4 4
3.36 4 4
4.12 4 4
2.92 4 4
3.84 4 4
0.61 4 4
2.92 4 4
1.75 4 4
1.39 4 4
2.22 4 4
1.75 4 4
3.23 4 4
3.17 4 4
4.39 4 4
1.44 4 4
3.23 4 4
3.32 4 4
1.73 4 4
2.45 4 4
3.17 4 4
1.68 4 4
3.08 4 4
1.74 4 4
1.68 4 4
3.71 4 4
2.02 4 4
2.79 4 4
3.71 4 4
2.53 4 4
0.88 4 4
0.95 4 4
2.53 4 4
3.24 4 4
1.91 4 4
2.69 4 4
3.24 4 4
1.32 4 4
2.12 4 4
1.88 4 4
1.32 4 4
1.41 4 4
1.68 4 4
2.13 4 4
2.03 4 4
1.41 4 4
0.54 4 4
1.67 4 4
2.42 4 4
0.54 4 4
1.68 4 4
1.67 4 4
3.33 4 4
0.5 4 4
2.13 4 4
3.26 4 4
1.98 4 4
3.65 4 4
3.26 4 4
2.66 4 4
1.68 4 4
2.84 4 4
2.03 4 4
0.29 4 4
2.22 4 4
2.4 4 4
2.65 4 4
4.12 4 4
1.36 4 4
3.04 4 4
1.01 4 4
2.65 4 4
2.97 4 4
2.77 4 4
2.66 4 4
1.06 4 4
2.68 4 4
4.23 4 4
1.06 4 4
2.61 4 4
3.59 4 4
3.8 4 4
2.61 4 4
2.84 4 4
3.2 4 4
0.6 4 4
2.84 4 4
1.37 4 4
3.09 4 4
0.49 4 4
1.37 4 4
2.24 4 4
1.94 4 4
1.26 4 4
1.37 4 4
2.24 4 4
2.81 4 4
1 4 4
2.33 4 4
2.81 4 4
2.56 4 4
4.69 4 4
0.94 4 4
1.02 4 4
2.56 4 4
1.3 4 4
3.71 4 4
1.94 4 4
0.66 4 4
0.66 4 4
1.34 4 4
1.61 4 4
1.34 4 4
2.84 4 4
1.56 4 4
2.32 4 4
2.84 4 4
3.61 4 4
1.82 4 4
1.36 4 4
3.61 4 4
3.49 4 4
2.49 4 4
0.62 4 4
3.49 4 4
3.87 4 4
1.67 4 4
3.91 4 4
0.88 4 4
3.87 4 4
0.52 4 4
3.5 4 4
0.95 4 4
0.52 4 4
3.51 4 4
0.45 4 4
3.51 4 4
2.42 4 4
1.48 4 4
2.42 4 4
2.42 4 4
3.92 4 4
1.8 4 4
2.59 4 4
3.92 4 4
7.86 4 4
8.09 4 4
1.51 4 4
3.8 4 4
7.86 4 4
2.41 4 4
2.41 4 4
3.24 4 4
0.59 4 4
5.05 4 4
3.24 4 4
0.3 4 4
0.37 4 4
4.08 4 4
0.3 4 4
2.21 4 4
3.12 4 4
4.7 4 4
2.21 4 4
3.73 4 4
0.58 4 4
7.48 4 4
3.73 4 4
5.31 4 4
3.59 4 4
9.12 4 4
5.31 4 4
4.43 4 4
2.61 4 4
11.27 4 4
4.43 4 4
5.77 4 4
1.61 4 4
0.29 4 4
5.93 4 4
5.77 4 4
6.07 4 4
8.96 4 4
1.62 4 4
6.07 4 4
6.64 4 4
2.55 4 4
4.39 4 4
6.64 4 4
5.26 4 4
1.64 4 4
9.32 4 4
0.75 4 4
2.72 4 4
0.64 4 4
3.14 4 4
0.75 4 4
3.12 4 4
2.72 4 4
0.55 4 4
3.93 4 4
4.7 4 4
7.31 4 4
7.31 4 4
2.24 4 4
0.12 4 4
3.24 4 4
4.42 4 4
4.67 4 4
1.58 4 4
2.32 4 4
3.24 4 4
2.57 4 4
2.51 4 4
6.01 4 4
9.84 4 4
0.44 4 4
3.23 4 4
6.01 4 4
0.65 4 4
3.97 4 4
4.24 4 4
9.84 4 4
1.43 4 4
5.67 4 4
0.88 4 4
1.43 4 4
2.05 4 4
1.22 4 4
2.24 4 4
2.05 4 4
2.74 4 4
2.81 4 4
1.22 4 4
1.65 4 4
3.42 4 4
2.95 4 4
1.65 4 4
1.51 4 4
2.95 4 4
2.23 4 4
1.61 4 4
1.51 4 4
1.26 4 4
2.98 4 4
1.61 4 4
3.31 4 4
5.96 4 4
8.17 4 4
0.29 4 4
4.12 4 4
2.11 4 4
3.23 4 4
1.52 4 4
4.28 4 4
3.23 4 4
3.31 4 4
0.81 4 4
1.47 4 4
3.32 4 4
0.45 4 4
4.18 4 4
2.86 4 4
3.33 4 4
0.62 4 4
4.88 4 4
1.68 4 4
0.56 4 4
1.75 4 4
0.44 4 4
5.76 4 4
8.02 4 4
0.65 4 4
4.21 4 4
6.14 4 4
3.97 4 4
3.31 4 4
1.4 4 4
0.29 4 4
5.39 4 4
3.25 4 4
0.12 4 4
4.42 4 4
3.61 4 4
1.5 4 4
3.23 4 4
4.24 4 4
0.0001 4 4
3.26 4 4
4.89 4 4
2.89 4 4
0.0001 4 4
3.26 4 4
5.81 4 4
4.49 4 4
3.52 4 4
0.0001 4 4
4.89 4 4
3.28 4 4
4.21 4 4
0.0001 4 4
5.81 4 4
3.28 4 4
5.18 4 4
7.77 4 4
3.92 4 4
5.4 4 4
0.0001 4 4
4.69 4 4
4.21 4 4
5.18 4 4
3.08 4 4
0.0001 4 4
0.89 4 4
4.49 4 4
7.77 4 4
4.56 4 4
4.34 4 4
4.8 4 4
0.0001 4 4
1.3 4 4
3.92 4 4
4.56 4 4
3.97 4 4
0.0001 4 4
3.93 4 4
0.62 4 4
5.04 4 4
4.97 4 4
5.79 4 4
3.39 4 4
0.0001 4 4
6.36 4 4
4.89 4 4
2.68 4 4
1.58 4 4
0.0001 4 4
7.18 4 4
3.71 4 4
6.36 4 4
5.92 4 4
5.63 4 4
9.28 4 4
0.0001 4 4
3.59 4 4
5.92 4 4
3.99 4 4
5.64 4 4
9.25 4 4
3.75 4 4
0.0001 4 4
3.2 4 4
3.99 4 4
4.03 4 4
4.26 4 4
0.0001 4 4
0.6 4 4
5.64 4 4
5.66 4 4
4.58 4 4
6.1 4 4
0.0001 4 4
0.94 4 4
5.4 4 4
3.97 4 4
5.63 4 4
4.03 4 4
4.38 4 4
0.0001 4 4
3.09 4 4
1 4 4
4.26 4 4
4.38 4 4
0.0001 4 4
0.49 4 4
1.26 4 4
5.66 4 4
5.61 4 4
3.21 4 4
0.0001 4 4
2.33 4 4
3.08 4 4
5.61 4 4
2.14 4 4
0.0001 4 4
1.37 4 4
2.14 4 4
2.16 4 4
0.0001 4 4
2.16 4 4
2.08 4 4
6.55 4 4
0.0001 4 4
1.82 4 4
4.58 4 4
5.43 4 4
7.28 4 4
0.0001 4 4
1.56 4 4
3.21 4 4
5.43 4 4
0.0001 4 4
1.26 4 4
2.08 4 4
3.08 4 4
0.0001 4 4
2.32 4 4
2.95 4 4
2.98 4 4
6.55 4 4
5.59 4 4
7.9 4 4
5.09 4 4
0.0001 4 4
1.36 4 4
5.59 4 4
6.49 4 4
5.31 4 4
0.0001 4 4
2.49 4 4
6.49 4 4
5.79 4 4
6.73 4 4
7.76 4 4
6.3 4 4
4.49 4 4
0.0001 4 4
7.9 4 4
5.31 4 4
5.79 4 4
4.91 4 4
4.2 4 4
6.45 4 4
0.0001 4 4
5.67 4 4
3.42 4 4
5.09 4 4
4.91 4 4
4.91 4 4
0.0001 4 4
2.95 4 4
2.23 4 4
3.08 4 4
4.87 4 4
0.0001 4 4
0.88 4 4
2.74 4 4
4.87 4 4
6.05 4 4
4.12 4 4
0.0001 4 4
4.2 4 4
6.38 4 4
6.34 4 4
5.8 4 4
3.53 4 4
0.0001 4 4
2.81 4 4
3.61 4 4
4.91 4 4
6.38 4 4
4.63 4 4
0.0001 4 4
8.09 4 4
4.67 4 4
6.34 4 4
4.63 4 4
7.28 4 4
6.38 4 4
3.79 4 4
5.85 4 4
0.0001 4 4
7.28 4 4
4.25 4 4
5.09 4 4
3.52 4 4
6.63 4 4
0.0001 4 4
1.5 4 4
6.05 4 4
6.38 4 4
4.25 4 4
9.79 4 4
6.48 4 4
0.0001 4 4
4.12 4 4
9.79 4 4
6.8 4 4
0.0001 4 4
5.76 4 4
5.09 4 4
6.48 4 4
6.8 4 4
5.88 4 4
0.0001 4 4
0.56 4 4
0.0001 4 4
4.97 4 4
3.88 4 4
6.15 4 4
6.06 4 4
8.07 4 4
5.72 4 4
7.48 4 4
10.15 4 4
10.64 4 4
0.0001 4 4
1.7 4 4
4.01 4 4
4.63 4 4
3.88 4 4
0.0001 4 4
6.15 4 4
4.01 4 4
4.44 4 4
3.83 4 4
0.0001 4 4
0.88 4 4
4.63 4 4
4.73 4 4
5.37 4 4
4.12 4 4
0.0001 4 4
3.02 4 4
6.06 4 4
4.44 4 4
4.73 4 4
0.0001 4 4
4.48 4 4
3.67 4 4
4.18 4 4
4.97 4 4
0.0001 4 4
1.81 4 4
4.48 4 4
4.28 4 4
4.76 4 4
0.0001 4 4
3.19 4 4
3.67 4 4
4.61 4 4
5.22 4 4
3.78 4 4
0.0001 4 4
5.37 4 4
4.28 4 4
4.61 4 4
4.37 4 4
5.04 4 4
0.0001 4 4
2.39 4 4
1.27 4 4
4.54 4 4
4.19 4 4
0.0001 4 4
1.43 4 4
4.18 4 4
4.54 4 4
4.63 4 4
0.0001 4 4
3.16 4 4
4.19 4 4
4.09 4 4
7.06 4 4
4.67 4 4
0.0001 4 4
0.72 4 4
4.63 4 4
4.09 4 4
4.23 4 4
6.09 4 4
0.0001 4 4
2.91 4 4
4.53 4 4
10.64 4 4
0.0001 4 4
4.25 4 4
4.51 4 4
3.95 4 4
0.0001 4 4
1.33 4 4
4.53 4 4
4.25 4 4
5.88 4 4
4.54 4 4
0.0001 4 4
1.36 4 4
3.74 4 4
3.32 4 4
3.66 4 4
0.0001 4 4
1.75 4 4
3.74 4 4
3.9 4 4
5.17 4 4
0.0001 4 4
3.32 4 4
3.82 4 4
4.53 4 4
4.72 4 4
0.0001 4 4
3.9 4 4
3.82 4 4
3.78 4 4
3.99 4 4
0.0001 4 4
1.28 4 4
3.32 4 4
4.12 4 4
4.09 4 4
3.71 4 4
0.0001 4 4
8.07 4 4
3.66 4 4
4.09 4 4
5.5 4 4
0.0001 4 4
2.84 4 4
3.71 4 4
4.09 4 4
6.4 4 4
0.0001 4 4
4.53 4 4
5.5 4 4
4.09 4 4
6.87 4 4
0.0001 4 4
3.31 4 4
5.22 4 4
4.37 4 4
4.42 4 4
4.3 4 4
0.0001 4 4
0.88 4 4
6.72 4 4
5.04 4 4
4.42 4 4
3.81 4 4
0.0001 4 4
0.81 4 4
3.73 4 4
4.19 4 4
4.77 4 4
0.0001 4 4
2.07 4 4
3.81 4 4
3.73 4 4
4.34 4 4
0.0001 4 4
2.64 4 4
7.06 4 4
4.23 4 4
4.27 4 4
4.39 4 4
0.0001 4 4
1.88 4 4
3.78 4 4
6.09 4 4
4.3 4 4
3.61 4 4
0.0001 4 4
2.72 4 4
5.04 4 4
4.27 4 4
5.65 4 4
6.06 4 4
0.0001 4 4
1.94 4 4
1.52 4 4
4.19 4 4
3.61 4 4
5.03 4 4
0.0001 4 4
3.4 4 4
4.51 4 4
5.88 4 4
3.18 4 4
3.79 4 4
0.0001 4 4
1.5 4 4
4.67 4 4
4.54 4 4
4.39 4 4
3.36 4 4
0.0001 4 4
4.12 4 4
3.52 4 4
4.34 4 4
3.18 4 4
3.88 4 4
0.0001 4 4
0.65 4 4
4.8 4 4
4.97 4 4
5.65 4 4
3.36 4 4
0.0001 4 4
3.95 4 4
3.79 4 4
2.61 4 4
0.0001 4 4
2.89 4 4
3.88 4 4
2.61 4 4
0.0001 4 4
1.75 4 4
5.79 4 4
4.89 4 4
6.06 4 4
5.03 4 4
5.02 4 4
4.8 4 4
0.0001 4 4
5.02 4 4
6.26 4 4
4.83 4 4
4.31 4 4
0.0001 4 4
2.68 4 4
9.28 4 4
9.25 4 4
6.26 4 4
4.43 4 4
0.0001 4 4
3.39 4 4
1.58 4 4
4.8 4 4
0.0001 4 4
1.68 4 4
4.43 4 4
5.1 4 4
4.32 4 4
0.0001 4 4
1.98 4 4
2.22 4 4
4.83 4 4
5.1 4 4
0.0001 4 4
2.84 4 4
4.78 4 4
6.55 4 4
4.99 4 4
0.0001 4 4
2.12 4 4
3.65 4 4
4.78 4 4
4.89 4 4
0.0001 4 4
2.68 4 4
3.75 4 4
4.32 4 4
0.0001 4 4
4.23 4 4
3.8 4 4
6.1 4 4
7.28 4 4
6.73 4 4
6.55 4 4
4.37 4 4
0.0001 4 4
1.67 4 4
7.76 4 4
4.99 4 4
4.53 4 4
4.17 4 4
0.0001 4 4
1.91 4 4
3.5 4 4
4.89 4 4
4.53 4 4
0.0001 4 4
3.91 4 4
1.48 4 4
6.3 4 4
3.86 4 4
5.42 4 4
0.0001 4 4
0.45 4 4
3.86 4 4
3.64 4 4
4.23 4 4
0.0001 4 4
0.62 4 4
4.37 4 4
4.17 4 4
0.0001 4 4
4.49 4 4
6.45 4 4
5.8 4 4
5.42 4 4
4.49 4 4
0.0001 4 4
6.63 4 4
5.44 4 4
4.12 4 4
5.72 4 4
3.63 4 4
4.8 4 4
0.0001 4 4
2.42 4 4
1.8 4 4
3.51 4 4
4.75 4 4
0.0001 4 4
3.64 4 4
6.63 4 4
3.51 4 4
4.39 4 4
0.0001 4 4
4.75 4 4
3.55 4 4
3.9 4 4
4.68 4 4
0.0001 4 4
5.44 4 4
4.39 4 4
3.55 4 4
4.29 4 4
0.0001 4 4
3.53 4 4
3.79 4 4
4.93 4 4
0.0001 4 4
2.59 4 4
4.49 4 4
4.93 4 4
5.23 4 4
0.0001 4 4
5.85 4 4
4.42 4 4
3.97 4 4
3.82 4 4
0.0001 4 4
1.51 4 4
3.9 4 4
5.23 4 4
4.42 4 4
4.14 4 4
0.0001 4 4
1.58 4 4
3.52 4 4
3.97 4 4
3.63 4 4
0.0001 4 4
4.68 4 4
4.48 4 4
3.99 4 4
3.95 4 4
0.0001 4 4
4.29 4 4
4.48 4 4
3.9 4 4
4.01 4 4
0.0001 4 4
2.82 4 4
3.99 4 4
4.35 4 4
4.94 4 4
0.0001 4 4
3.9 4 4
4.35 4 4
3.99 4 4
4.5 4 4
0.0001 4 4
2.17 4 4
2.57 4 4
3.82 4 4
4.29 4 4
0.0001 4 4
4.14 4 4
3.95 4 4
4.29 4 4
4.81 4 4
0.0001 4 4
1.81 4 4
2.28 4 4
4.81 4 4
4.35 4 4
0.0001 4 4
2.48 4 4
4.94 4 4
4.81 4 4
4.39 4 4
0.0001 4 4
6.63 4 4
5.64 4 4
4.75 4 4
3.83 4 4
0.0001 4 4
2.51 4 4
3.63 4 4
5.64 4 4
5.22 4 4
0.0001 4 4
0.37 4 4
4.75 4 4
5.56 4 4
3.63 4 4
0.0001 4 4
0.59 4 4
4.81 4 4
5.22 4 4
5.56 4 4
0.0001 4 4
5.88 4 4
3.83 4 4
4.61 4 4
6.04 4 4
0.0001 4 4
0.58 4 4
3.63 4 4
4.61 4 4
7.95 4 4
0.0001 4 4
2.91 4 4
4.35 4 4
3.79 4 4
5.39 4 4
0.0001 4 4
1.41 4 4
4.39 4 4
4.29 4 4
4.16 4 4
0.0001 4 4
2.78 4 4
3.79 4 4
3.84 4 4
5.88 4 4
0.0001 4 4
1.17 4 4
4.29 4 4
3.73 4 4
6.48 4 4
0.0001 4 4
4.08 4 4
0.55 4 4
4.68 4 4
4.18 4 4
0.0001 4 4
5.05 4 4
5.39 4 4
4.68 4 4
4.32 4 4
0.0001 4 4
0.64 4 4
4.18 4 4
4.75 4 4
3.84 4 4
0.0001 4 4
3.84 4 4
4.32 4 4
4.75 4 4
4.62 4 4
0.0001 4 4
7.48 4 4
3.14 4 4
3.93 4 4
10.31 4 4
10.36 4 4
10 4 4
0.0001 4 4
4.72 4 4
3.66 4 4
3.99 4 4
3.91 4 4
0.0001 4 4
3.78 4 4
3.66 4 4
3.99 4 4
3.58 4 4
0.0001 4 4
3.99 4 4
3.83 4 4
3.66 4 4
4.27 4 4
0.0001 4 4
3.99 4 4
3.83 4 4
4.29 4 4
4.5 4 4
0.0001 4 4
3.14 4 4
6.4 4 4
4.32 4 4
4 4 4
0.0001 4 4
6.87 4 4
3.91 4 4
4.32 4 4
4.09 4 4
0.0001 4 4
2 4 4
4 4 4
4.53 4 4
4.37 4 4
0.0001 4 4
3.66 4 4
4.09 4 4
4.53 4 4
4.18 4 4
0.0001 4 4
4.77 4 4
3.4 4 4
4.69 4 4
0.0001 4 4
1.27 4 4
2.97 4 4
4.34 4 4
3.4 4 4
0.0001 4 4
1.36 4 4
4.31 4 4
4.69 4 4
4 4 4
0.0001 4 4
2.45 4 4
3.04 4 4
2.77 4 4
4 4 4
0.0001 4 4
4.27 4 4
4.5 4 4
3.73 4 4
4.19 4 4
0.0001 4 4
4.29 4 4
4.5 4 4
3.91 4 4
0.0001 4 4
3.04 4 4
3.73 4 4
3.5 4 4
3.82 4 4
0.0001 4 4
3.5 4 4
3.91 4 4
0.0001 4 4
1.71 4 4
4.37 4 4
4.42 4 4
5.02 4 4
0.0001 4 4
4.18 4 4
4.19 4 4
4.42 4 4
5.32 4 4
0.0001 4 4
2.19 4 4
5.02 4 4
4 4 4
4.83 4 4
0.0001 4 4
2.9 4 4
3.82 4 4
5.32 4 4
4 4 4
0.0001 4 4
2.42 4 4
2.4 4 4
4 4 4
4.22 4 4
0.0001 4 4
2.47 4 4
4 4 4
4.22 4 4
5.17 4 4
0.0001 4 4
1.88 4 4
0.5 4 4
4.28 4 4
5.13 4 4
0.0001 4 4
2.11 4 4
0.62 4 4
5.17 4 4
4.28 4 4
0.0001 4 4
1.04 4 4
3.99 4 4
4.63 4 4
5.5 4 4
0.0001 4 4
3.99 4 4
4.31 4 4
4.2 4 4
0.0001 4 4
4.63 4 4
3.95 4 4
3.97 4 4
3.95 4 4
0.0001 4 4
4.31 4 4
3.95 4 4
4.32 4 4
4.67 4 4
0.0001 4 4
0.45 4 4
4.83 4 4
4.09 4 4
3.66 4 4
0.0001 4 4
1.09 4 4
5.5 4 4
4.09 4 4
5.1 4 4
0.0001 4 4
1.73 4 4
3.66 4 4
3.44 4 4
4.43 4 4
0.0001 4 4
3.97 4 4
5.1 4 4
3.44 4 4
4.55 4 4
0.0001 4 4
2.69 4 4
5.13 4 4
4.29 4 4
4.18 4 4
0.0001 4 4
4.18 4 4
4.88 4 4
4.29 4 4
4.55 4 4
0.0001 4 4
2.02 4 4
4.23 4 4
4.18 4 4
4.14 4 4
0.0001 4 4
2.45 4 4
3.08 4 4
4.55 4 4
4.14 4 4
0.0001 4 4
4.39 4 4
1.74 4 4
2.79 4 4
4.12 4 4
0.0001 4 4
2.9 4 4
6.96 4 4
6.99 4 4
20.04 4 4
0.0001 4 4
0.53 4 4
6.96 4 4
5.49 4 4
5.92 4 4
7.69 4 4
0.0001 4 4
5.72 4 4
5.11 4 4
3.52 4 4
0.0001 4 4
5.49 4 4
4.09 4 4
3.19 4 4
0.0001 4 4
2.62 4 4
7.48 4 4
5.11 4 4
4.28 4 4
0.0001 4 4
1.05 4 4
5.92 4 4
4.09 4 4
4.28 4 4
6.77 4 4
0.0001 4 4
6.99 4 4
6.66 4 4
6.95 4 4
13.61 4 4
0.0001 4 4
6.36 4 4
6.66 4 4
5.36 4 4
5.28 4 4
6.62 4 4
0.0001 4 4
1.87 4 4
5.17 4 4
6.77 4 4
4.09 4 4
4.45 4 4
0.0001 4 4
2.98 4 4
5.36 4 4
4.09 4 4
3.9 4 4
0.0001 4 4
3.99 4 4
4.45 4 4
3.73 4 4
3.79 4 4
0.0001 4 4
5.28 4 4
3.9 4 4
3.73 4 4
3.95 4 4
0.0001 4 4
6.95 4 4
6.58 4 4
7.07 4 4
9.25 4 4
0.0001 4 4
6.62 4 4
6.58 4 4
5.41 4 4
5.5 4 4
7.03 4 4
0.0001 4 4
3.58 4 4
3.79 4 4
4.28 4 4
4 4 4
0.0001 4 4
3.95 4 4
5.41 4 4
4.28 4 4
4.08 4 4
0.0001 4 4
4.5 4 4
4 4 4
4 4 4
3.74 4 4
0.0001 4 4
5.5 4 4
4.08 4 4
4 4 4
4.39 4 4
0.0001 4 4
1.54 4 4
7.07 4 4
6.74 4 4
9.38 4 4
0.0001 4 4
4.8 4 4
7.03 4 4
6.74 4 4
5.71 4 4
5.26 4 4
0.0001 4 4
3.91 4 4
3.74 4 4
4 4 4
4.18 4 4
0.0001 4 4
4.39 4 4
5.71 4 4
4 4 4
4.3 4 4
0.0001 4 4
3.35 4 4
3.91 4 4
4.18 4 4
4.49 4 4
0.0001 4 4
3.29 4 4
5.26 4 4
4.3 4 4
4.49 4 4
0.0001 4 4
5.28 4 4
9.84 4 4
6.82 4 4
7.94 4 4
0.0001 4 4
3.01 4 4
6.82 4 4
5.96 4 4
5.9 4 4
6.95 4 4
0.0001 4 4
0.65 4 4
4.2 4 4
3.91 4 4
4.88 4 4
0.0001 4 4
0.54 4 4
5.96 4 4
3.91 4 4
5.19 4 4
0.0001 4 4
4.32 4 4
4.88 4 4
4.67 4 4
6.66 4 4
0.0001 4 4
5.9 4 4
5.19 4 4
4.67 4 4
5.36 4 4
0.0001 4 4
4.28 4 4
5.38 4 4
8.62 4 4
3.52 4 4
8.24 4 4
0.0001 4 4
5.07 4 4
4.11 4 4
3.38 4 4
5.84 4 4
0.0001 4 4
4.28 4 4
4.11 4 4
3.99 4 4
7.59 4 4
0.0001 4 4
3.38 4 4
4.07 4 4
6.77 4 4
3.8 4 4
0.0001 4 4
5.38 4 4
3.99 4 4
4.07 4 4
3.74 4 4
0.0001 4 4
1.44 4 4
6.77 4 4
7.11 4 4
7.62 4 4
6.11 4 4
6.51 4 4
8.94 4 4
9.71 4 4
0.0001 4 4
7.11 4 4
3.79 4 4
6.24 4 4
0.0001 4 4
7.62 4 4
3.79 4 4
4.75 4 4
0.0001 4 4
8.62 4 4
4.66 4 4
4.84 4 4
7.09 4 4
3.98 4 4
0.0001 4 4
3.8 4 4
4.52 4 4
3.85 4 4
4.47 4 4
0.0001 4 4
3.74 4 4
4.66 4 4
4.52 4 4
4.92 4 4
0.0001 4 4
3.85 4 4
5.32 4 4
4.1 4 4
3.65 4 4
0.0001 4 4
4.84 4 4
4.92 4 4
5.32 4 4
4.09 4 4
0.0001 4 4
2.57 4 4
6.11 4 4
4.36 4 4
4.87 4 4
0.0001 4 4
1.68 4 4
6.51 4 4
4.47 4 4
3.69 4 4
0.0001 4 4
0.94 4 4
4.36 4 4
4.66 4 4
3.45 4 4
0.0001 4 4
2.86 4 4
4.1 4 4
3.69 4 4
3.86 4 4
0.0001 4 4
4.75 4 4
4.87 4 4
4.52 4 4
0.0001 4 4
4.66 4 4
4.52 4 4
4.83 4 4
0.0001 4 4
7.09 4 4
4.43 4 4
4.7 4 4
7.48 4 4
3.71 4 4
0.0001 4 4
3.65 4 4
3.87 4 4
3.87 4 4
4.07 4 4
0.0001 4 4
4.09 4 4
4.43 4 4
3.87 4 4
3.59 4 4
0.0001 4 4
3.87 4 4
3.63 4 4
4.63 4 4
3.6 4 4
0.0001 4 4
4.7 4 4
3.59 4 4
3.63 4 4
3.82 4 4
0.0001 4 4
0.87 4 4
3.45 4 4
4.19 4 4
4.48 4 4
0.0001 4 4
3.86 4 4
4.07 4 4
4.19 4 4
4.7 4 4
0.0001 4 4
0.6 4 4
4.48 4 4
4.25 4 4
4.13 4 4
0.0001 4 4
4.63 4 4
4.7 4 4
4.25 4 4
4.01 4 4
0.0001 4 4
3.61 4 4
4.83 4 4
3.66 4 4
0.0001 4 4
4.08 4 4
3.66 4 4
4.58 4 4
0.0001 4 4
10.15 4 4
7.48 4 4
6.33 4 4
5.19 4 4
3.59 4 4
0.0001 4 4
3.6 4 4
3.79 4 4
4.54 4 4
5.21 4 4
0.0001 4 4
3.82 4 4
6.33 4 4
3.79 4 4
4.05 4 4
0.0001 4 4
3.88 4 4
4.54 4 4
3.94 4 4
3.9 4 4
0.0001 4 4
3.83 4 4
5.19 4 4
4.05 4 4
3.94 4 4
0.0001 4 4
1.3 4 4
4.13 4 4
4.05 4 4
3.38 4 4
0.0001 4 4
4.01 4 4
5.21 4 4
4.05 4 4
4.01 4 4
0.0001 4 4
2.62 4 4
4.97 4 4
3.38 4 4
3.81 4 4
0.0001 4 4
4.76 4 4
3.9 4 4
4.01 4 4
3.81 4 4
0.0001 4 4
3.72 4 4
4.58 4 4
4.66 4 4
3.78 4 4
0.0001 4 4
2.77 4 4
10.64 4 4
4.66 4 4
5.18 4 4
0.0001 4 4
1.48 4 4
2.65 4 4
3.78 4 4
5.18 4 4
0.0001 4 4
7.09 4 4
8.54 4 4
13.52 4 4
7.93 4 4
0.0001 4 4
7.09 4 4
6.76 4 4
6.76 4 4
7.44 4 4
0.0001 4 4
6.76 4 4
7.02 4 4
7.12 4 4
8.24 4 4
9.5 4 4
0.0001 4 4
7.02 4 4
4.94 4 4
5.53 4 4
5.68 4 4
9.98 4 4
9 4 4
0.0001 4 4
3.52 4 4
4.94 4 4
7.73 4 4
7.35 4 4
0.0001 4 4
8.54 4 4
7.03 4 4
6.96 4 4
9.24 4 4
0.0001 4 4
6.76 4 4
7.03 4 4
6.96 4 4
6.89 4 4
0.0001 4 4
7.12 4 4
6.96 4 4
6.03 4 4
5.74 4 4
7.03 4 4
0.0001 4 4
5.53 4 4
4.39 4 4
3.38 4 4
3.5 4 4
0.0001 4 4
5.68 4 4
6.03 4 4
4.39 4 4
3.45 4 4
0.0001 4 4
3.38 4 4
4.62 4 4
3.42 4 4
3.98 4 4
0.0001 4 4
5.74 4 4
3.45 4 4
4.62 4 4
3.65 4 4
0.0001 4 4
3.98 4 4
7.73 4 4
3.5 4 4
3.42 4 4
7.99 4 4
0.0001 4 4
6.96 4 4
6.96 4 4
7.03 4 4
8.7 4 4
0.0001 4 4
6.89 4 4
6.96 4 4
7.03 4 4
7.41 4 4
0.0001 4 4
7.03 4 4
7.03 4 4
5.8 4 4
5.71 4 4
7.33 4 4
0.0001 4 4
3.98 4 4
3.58 4 4
4.39 4 4
3.31 4 4
0.0001 4 4
3.65 4 4
5.8 4 4
3.58 4 4
3.65 4 4
0.0001 4 4
4.39 4 4
3.66 4 4
3.46 4 4
4.48 4 4
0.0001 4 4
5.71 4 4
3.65 4 4
3.66 4 4
3.6 4 4
0.0001 4 4
3.71 4 4
7.99 4 4
3.31 4 4
3.46 4 4
12.39 4 4
0.0001 4 4
9.58 4 4
7.03 4 4
7.09 4 4
24.92 4 4
0.0001 4 4
4.78 4 4
7.41 4 4
7.09 4 4
6.96 4 4
0.0001 4 4
7.69 4 4
7.33 4 4
6.96 4 4
5.9 4 4
5.74 4 4
0.0001 4 4
4.48 4 4
3.6 4 4
3.8 4 4
3.44 4 4
0.0001 4 4
3.6 4 4
5.9 4 4
3.6 4 4
3.81 4 4
0.0001 4 4
3.52 4 4
3.8 4 4
5.86 4 4
3.62 4 4
0.0001 4 4
3.19 4 4
5.74 4 4
3.81 4 4
5.86 4 4
0.0001 4 4
10.64 4 4
3.59 4 4
12.39 4 4
3.44 4 4
3.62 4 4
0.0001 4 4
3.95 4 4
4.17 4 4
3.95 4 4
3.71 4 4
0.0001 4 4
4.67 4 4
4.17 4 4
4.01 4 4
6.49 4 4
0.0001 4 4
3.95 4 4
3.84 4 4
3.81 4 4
3.87 4 4
0.0001 4 4
4.01 4 4
3.84 4 4
3.89 4 4
6.47 4 4
0.0001 4 4
1.39 4 4
1.44 4 4
4.43 4 4
3.76 4 4
0.0001 4 4
4.55 4 4
3.71 4 4
3.76 4 4
3.95 4 4
0.0001 4 4
3.84 4 4
2.22 4 4
5.72 4 4
3.58 4 4
0.0001 4 4
0.61 4 4
3.81 4 4
3.95 4 4
3.9 4 4
0.0001 4 4
0.74 4 4
3.87 4 4
4.12 4 4
3.51 4 4
0.0001 4 4
3.89 4 4
4.12 4 4
4.26 4 4
6.33 4 4
0.0001 4 4
0.34 4 4
3.51 4 4
3.52 4 4
3.79 4 4
0.0001 4 4
4.26 4 4
3.52 4 4
4.75 4 4
5.66 4 4
0.0001 4 4
3.58 4 4
3.95 4 4
3.73 4 4
4.39 4 4
0.0001 4 4
3.36 4 4
3.9 4 4
3.95 4 4
3.95 4 4
0.0001 4 4
3.73 4 4
3.95 4 4
3.84 4 4
4.11 4 4
0.0001 4 4
4.01 4 4
3.95 4 4
3.95 4 4
5.01 4 4
0.0001 4 4
3.63 4 4
4.01 4 4
3.68 4 4
4.35 4 4
0.0001 4 4
4.8 4 4
4.39 4 4
3.68 4 4
3.94 4 4
0.0001 4 4
3.99 4 4
4.35 4 4
3.99 4 4
3.84 4 4
0.0001 4 4
3.84 4 4
3.94 4 4
3.99 4 4
3.63 4 4
0.0001 4 4
3.65 4 4
1.33 4 4
3.79 4 4
5.31 4 4
0.0001 4 4
2.85 4 4
4.75 4 4
4.11 4 4
5.96 4 4
0.0001 4 4
0.72 4 4
3.68 4 4
5.97 4 4
0.0001 4 4
1.27 4 4
4.11 4 4
6.29 4 4
0.0001 4 4
2.7 4 4
4.11 4 4
4.89 4 4
4.51 4 4
0.0001 4 4
2.01 4 4
5.01 4 4
5.31 4 4
4.89 4 4
0.0001 4 4
2.85 4 4
3.73 4 4
3.85 4 4
6.96 4 4
0.0001 4 4
2.41 4 4
3.68 4 4
3.73 4 4
6.34 4 4
0.0001 4 4
3.84 4 4
3.79 4 4
4.94 4 4
3.61 4 4
0.0001 4 4
1.93 4 4
3.63 4 4
4.51 4 4
3.79 4 4
0.0001 4 4
4.94 4 4
3.9 4 4
3.95 4 4
6.38 4 4
0.0001 4 4
2.45 4 4
3.85 4 4
3.9 4 4
6.4 4 4
0.0001 4 4
1.48 4 4
4.16 4 4
3.9 4 4
4.18 4 4
0.0001 4 4
4.5 4 4
3.61 4 4
3.9 4 4
3.9 4 4
0.0001 4 4
3.73 4 4
4.18 4 4
4.25 4 4
6.45 4 4
0.0001 4 4
3.95 4 4
3.9 4 4
4.25 4 4
6 4 4
0.0001 4 4
7.72 4 4
2.09 4 4
5.97 4 4
7.86 4 4
7.14 4 4
0.0001 4 4
6.96 4 4
6.34 4 4
7.86 4 4
7.67 4 4
7.52 4 4
0.0001 4 4
6.38 4 4
6.4 4 4
7.67 4 4
7.62 4 4
8.29 4 4
0.0001 4 4
5.59 4 4
6.45 4 4
6 4 4
7.62 4 4
7.25 4 4
0.0001 4 4
1.87 4 4
5.88 4 4
6.48 4 4
7.13 4 4
6.45 4 4
7.36 4 4
0.0001 4 4
3.84 4 4
4.8 4 4
3.67 4 4
3.38 4 4
0.0001 4 4
4.62 4 4
7.13 4 4
4.8 4 4
4.11 4 4
0.0001 4 4
3.67 4 4
3.49 4 4
3.85 4 4
6.08 4 4
0.0001 4 4
6.45 4 4
4.11 4 4
3.49 4 4
5.77 4 4
0.0001 4 4
10.31 4 4
3.38 4 4
3.85 4 4
9.03 4 4
8.33 4 4
5.97 4 4
0.0001 4 4
1.67 4 4
5.88 4 4
7.41 4 4
7.99 4 4
0.0001 4 4
7.52 4 4
7.41 4 4
7.62 4 4
7.07 4 4
0.0001 4 4
8.29 4 4
7.62 4 4
7.46 4 4
7.39 4 4
0.0001 4 4
2.41 4 4
7.25 4 4
7.46 4 4
7.67 4 4
0.0001 4 4
5.21 4 4
7.36 4 4
8.17 4 4
9.21 4 4
0.0001 4 4
6.08 4 4
5.77 4 4
8.17 4 4
4.69 4 4
8.33 4 4
0.0001 4 4
9.03 4 4
4.69 4 4
9.06 4 4
6.57 4 4
9.61 4 4
0.0001 4 4
4.5 4 4
5.4 4 4
8.47 4 4
7.5 4 4
0.0001 4 4
7.07 4 4
8.47 4 4
7.05 4 4
8.98 4 4
0.0001 4 4
7.94 4 4
6.74 4 4
8.61 4 4
23.35 4 4
0.0001 4 4
6.95 4 4
6.74 4 4
7.02 4 4
12.32 4 4
0.0001 4 4
6.66 4 4
5.36 4 4
6.49 4 4
6.47 4 4
7.02 4 4
10.37 4 4
8.23 4 4
0.0001 4 4
8.61 4 4
7.39 4 4
6.87 4 4
0.0001 4 4
12.32 4 4
10.37 4 4
7.39 4 4
7.02 4 4
8.29 4 4
0.0001 4 4
6.33 4 4
5.66 4 4
8.23 4 4
7.02 4 4
7.96 4 4
0.0001 4 4
6.87 4 4
7.78 4 4
0.0001 4 4
8.29 4 4
7.78 4 4
6.94 4 4
7.87 4 4
0.0001 4 4
5.86 4 4
5.96 4 4
6.29 4 4
7.96 4 4
6.94 4 4
0.0001 4 4
3.45 4 4
7.7 4 4
0.0001 4 4
2.35 4 4
7.87 4 4
7.7 4 4
6.81 4 4
0.0001 4 4
2.21 4 4
7.14 4 4
6.81 4 4
8.17 4 4
0.0001 4 4
4.35 4 4
7.71 4 4
8.12 4 4
0.0001 4 4
5.87 4 4
7.71 4 4
7.62 4 4
7.79 4 4
0.0001 4 4
7.99 4 4
8.17 4 4
7.62 4 4
7.94 4 4
0.0001 4 4
8.12 4 4
7.78 4 4
7.87 4 4
0.0001 4 4
7.79 4 4
7.78 4 4
7.8 4 4
7.01 4 4
0.0001 4 4
2.48 4 4
7.94 4 4
7.8 4 4
7.09 4 4
0.0001 4 4
7.87 4 4
7.7 4 4
0.0001 4 4
3.92 4 4
7.01 4 4
7.7 4 4
0.0001 4 4
3.18 4 4
7.09 4 4
7.86 4 4
0.0001 4 4
6.37 4 4
7.39 4 4
7.05 4 4
8.3 4 4
0.0001 4 4
1.05 4 4
7.67 4 4
6.84 4 4
6.8 4 4
0.0001 4 4
9.21 4 4
6.84 4 4
7.89 4 4
6.87 4 4
0.0001 4 4
8.33 4 4
9.06 4 4
7.89 4 4
6.94 4 4
7.51 4 4
0.0001 4 4
7.5 4 4
7.86 4 4
8.59 4 4
0.0001 4 4
8.98 4 4
7.52 4 4
8.26 4 4
0.0001 4 4
7.52 4 4
8.87 4 4
5.63 4 4
7.18 4 4
0.0001 4 4
8.3 4 4
6.8 4 4
5.06 4 4
0.0001 4 4
6.87 4 4
7.82 4 4
7.48 4 4
11.38 4 4
0.0001 4 4
6.94 4 4
7.82 4 4
10.63 4 4
0.0001 4 4
8.59 4 4
7.51 4 4
0.0001 4 4
8.26 4 4
8.87 4 4
7.51 4 4
9.23 4 4
0.0001 4 4
1.3 4 4
5.63 4 4
5.06 4 4
6.6 4 4
0.0001 4 4
6.49 4 4
3.98 4 4
7.48 4 4
5.6 4 4
0.0001 4 4
2.78 4 4
7.18 4 4
9.23 4 4
6.6 4 4
0.0001 4 4
5.6 4 4
7.89 4 4
0.0001 4 4
11.38 4 4
7.89 4 4
0.0001 4 4
3.59 4 4
8.02 4 4
4.21 4 4
6.04 4 4
7.95 4 4
10.36 4 4
0.0001 4 4
2.61 4 4
8.96 4 4
6.14 4 4
1.4 4 4
5.39 4 4
0.0001 4 4
3.25 4 4
8.14 4 4
0.0001 4 4
9.12 4 4
11.27 4 4
10 4 4
8.33 4 4
9.68 4 4
7.1 4 4
0.0001 4 4
1.62 4 4
8.14 4 4
9.68 4 4
7.63 4 4
11.48 4 4
14.78 4 4
0.0001 4 4
5.97 4 4
6.57 4 4
7.1 4 4
7.76 4 4
11.06 4 4
0.0001 4 4
2.55 4 4
7.63 4 4
7.76 4 4
11.42 4 4
12.32 4 4
0.0001 4 4
4.39 4 4
11.48 4 4
9.83 4 4
0.0001 4 4
9.61 4 4
7.51 4 4
10.63 4 4
11.06 4 4
7.03 4 4
0.0001 4 4
5.26 4 4
11.42 4 4
7.03 4 4
0.0001 4 4
1.64 4 4
12.32 4 4
9.83 4 4
0.0001 4 4
3.45 4 4
20.04 4 4
13.61 4 4
9.25 4 4
9.38 4 4
24.92 4 4
23.35 4 4
0.0001 4 4
3.96 4 4
13.52 4 4
9.24 4 4
8.7 4 4
21.86 4 4
0.0001 4 4
21.86 4 4
7.84 4 4
0.0001 4 4
7.93 4 4
7.84 4 4
7.64 4 4
0.0001 4 4
7.44 4 4
8.24 4 4
7.64 4 4
8.14 4 4
0.0001 4 4
9.5 4 4
9.98 4 4
8.14 4 4
7.89 4 4
0.0001 4 4
9 4 4
7.35 4 4
7.89 4 4
6.88 4 4
10.18 4 4
0.0001 4 4
8.24 4 4
7.59 4 4
6.88 4 4
7.14 4 4
0.0001 4 4
3.86 4 4
5.84 4 4
8.94 4 4
7.14 4 4
0.0001 4 4
4.77 4 4
9.71 4 4
6.24 4 4
0.0001 4 4
8.98 4 4
0.0001 4 4
10.18 4 4
0.0001 4 4
6.93 4 4
0.0001 4 4
6.29 4 4
0.0001 4 4
7.78 4 4
0.0001 4 4
15.96 4 4
0.0001 4 4
6.31 4 4
0.0001 4 4
9.32 4 4
0.0001 4 4
14.78 4 4
0.0001 4 4
5.93 4 4
0.0001 4 4
5.96 4 4
