1 11 14 23 24 13 0 0 0 0 0
2 4 11 14 23 24 0 0 0 0 0
3 1 3 12 13 24 0 0 0 0 0
4 8 16 17 19 20 21 22 23 0 0
5 7 8 16 18 20 0 0 0 0 0
6 14 15 19 20 22 23 0 0 0 0
7 4 5 9 10 17 19 20 0 0 0
8 2 6 8 9 10 11 12 0 0 0
9 10 16 17 19 20 21 24 0 0 0
10 1 3 4 5 9 10 15 19 20 22
11 22 20 19 15 10 9 5 4 3 1
12 24 21 20 19 17 16 10 0 0
13 12 11 10 9 8 6 2 0 0
14 20 19 17 10 9 5 4 0 0
15 23 22 20 19 15 14 0 0 0
16 20 18 16 8 7 0 0 0 0
17 23 22 21 20 19 17 16 8 0
18 24 13 12 3 1 0 0 0 0
19 24 23 14 11 4 0 0 0 0
20 13 24 23 14 11 0 0 0 0
