1 117
2 87
3 74
4 233
5 165
6 213
7 253
8 411
9 379
9 395
10 338
10 362
11 309
12 275
13 262
14 257
15 254
16 263
17 276
18 322
18 348
19 364
19 380
20 397
21 412
21 413
22 414
22 415
23 416
24 266
24 267
25 268
25 269
26 273
26 274
27 302
27 303
28 303
28 304
29 308
29 337
30 340
30 341
31 329
31 330
32 332
32 333
33 337
33 361
34 369
34 385
35 373
35 389
36 378
36 394
37 401
37 402
38 406
38 407
39 266
39 267
40 268
40 269
41 273
41 274
42 302
42 303
43 303
43 304
44 308
44 337
45 340
45 341
46 329
46 330
47 332
47 333
48 337
48 361
49 369
49 385
50 373
50 389
51 378
51 394
52 401
52 402
53 406
53 407
54 56
54 230
55 59
56 102
57 54
57 235
58 137
58 145
59 146
60 102
60 230
61 136
62 2
63 62
64 63
64 189
65 64
66 65
67 66
67 260
68 67
69 68
69 258
70 69
71 70
71 255
72 71
73 72
73 141
74 73
75 3
76 75
77 76
77 141
78 77
79 78
79 256
80 79
81 80
81 259
82 81
83 82
83 261
84 83
85 84
86 85
86 189
87 86
88 1
89 88
90 89
90 293
91 90
92 91
93 92
93 183
93 195
94 93
95 94
95 290
96 95
97 96
97 288
98 97
99 98
99 283
100 99
101 100
101 278
102 101
103 59
103 61
103 237
104 103
105 104
105 279
106 105
107 106
107 284
108 107
109 108
109 289
110 109
111 110
111 291
112 111
113 112
113 183
113 195
114 113
115 114
116 115
116 294
117 116
118 5
119 118
120 119
120 400
121 120
122 121
123 122
123 382
124 123
125 124
125 366
126 125
127 126
127 350
128 127
129 128
130 129
130 324
131 130
132 131
132 314
133 132
134 133
135 134
135 298
136 135
137 136
138 60
138 137
138 236
139 138
140 139
140 265
141 140
142 72
142 76
143 142
144 143
144 264
145 144
146 145
147 57
147 146
148 147
149 148
149 297
150 149
151 150
152 151
152 310
153 152
154 153
154 323
155 154
156 155
157 156
157 349
158 157
159 158
159 365
160 159
161 160
161 381
162 161
163 162
164 163
164 399
165 164
166 6
167 166
168 167
168 409
169 168
170 169
171 170
171 216
172 171
172 393
173 172
174 173
175 174
175 377
176 175
177 176
177 360
178 177
179 178
179 336
180 179
181 180
181 307
182 181
183 182
184 92
184 112
184 183
185 184
186 185
187 186
187 272
188 187
189 188
190 63
190 85
191 190
192 191
193 192
193 271
194 193
195 194
196 92
196 112
196 195
197 196
198 197
199 198
199 306
200 199
201 200
201 335
202 201
203 202
203 359
204 203
205 204
205 376
206 205
207 206
208 207
209 208
209 392
210 209
210 250
211 210
212 211
212 408
213 212
214 7
215 214
216 215
217 169
217 216
218 217
218 392
219 218
220 219
220 363
221 220
222 221
223 222
223 346
224 223
225 224
225 330
226 225
227 226
227 311
228 227
229 228
229 277
230 229
231 56
231 230
232 58
232 231
233 232
234 4
235 234
236 235
237 236
238 55
238 61
238 237
239 238
240 239
240 299
241 240
242 241
242 317
243 242
244 243
244 339
245 244
246 245
246 347
247 246
248 247
248 374
249 248
250 249
251 250
251 391
252 208
252 251
253 252
254 15
254 255
255 70
255 254
255 256
256 78
256 255
256 266
257 14
257 258
258 68
258 257
258 259
259 80
259 258
259 267
260 66
260 261
261 82
261 260
261 269
262 13
262 273
263 16
263 264
264 143
264 263
264 265
265 139
265 264
265 266
266 24
266 39
266 256
266 265
266 277
267 24
267 39
267 259
267 268
267 281
268 25
268 40
268 267
268 287
269 25
269 40
269 261
269 270
269 290
270 269
270 271
271 192
271 270
271 272
272 186
272 271
272 273
273 26
273 41
273 262
273 272
273 292
274 26
274 41
274 275
274 293
275 12
275 274
276 17
276 296
277 228
277 266
277 299
278 100
278 279
279 104
279 278
279 280
280 279
280 300
281 267
281 282
282 281
282 283
283 98
283 282
283 284
284 106
284 283
284 285
285 284
285 286
286 285
286 302
287 268
287 288
288 96
288 287
288 289
289 108
289 288
289 303
290 94
290 269
290 291
291 110
291 290
291 304
292 273
292 305
293 89
293 274
293 294
294 115
294 293
294 295
295 294
295 308
296 276
296 297
296 310
297 148
297 296
297 298
298 134
298 297
298 299
299 239
299 277
299 298
299 300
299 315
300 280
300 299
300 301
300 316
301 300
301 302
302 27
302 42
302 286
302 301
302 311
303 27
303 28
303 42
303 43
303 289
303 319
304 28
304 43
304 291
304 305
304 312
305 292
305 304
305 306
305 321
306 198
306 305
306 307
307 180
307 306
307 308
308 29
308 44
308 295
308 307
308 309
309 11
309 308
310 151
310 296
310 313
311 226
311 302
311 317
312 304
312 320
313 310
313 314
313 325
314 131
314 313
314 315
315 299
315 314
315 316
315 327
316 300
316 315
316 317
316 328
317 241
317 311
317 316
317 318
317 329
318 317
318 319
319 303
319 318
319 320
319 330
320 312
320 319
320 321
320 332
321 305
321 320
321 333
321 334
322 18
322 323
323 153
323 322
323 324
324 129
324 323
324 325
325 313
325 324
325 326
325 340
326 325
326 327
327 315
327 326
327 328
327 341
328 316
328 327
328 329
328 342
329 31
329 46
329 317
329 328
329 343
330 31
330 46
330 224
330 319
330 331
330 339
331 330
331 332
332 32
332 47
332 320
332 331
332 345
333 32
333 47
333 321
333 334
333 358
334 321
334 333
334 335
335 200
335 334
335 336
336 178
336 335
336 337
337 29
337 33
337 44
337 48
337 336
337 338
338 10
338 337
339 243
339 330
339 344
340 30
340 45
340 325
340 351
341 30
341 45
341 327
341 342
341 353
342 328
342 341
342 343
342 354
343 329
343 342
343 344
343 355
344 339
344 343
344 356
345 332
345 346
346 222
346 345
346 347
347 245
347 346
347 357
348 18
348 349
349 156
349 348
349 350
350 126
350 349
350 351
351 340
351 350
351 352
351 367
352 351
352 353
353 341
353 352
353 354
353 369
354 342
354 353
354 355
354 370
355 343
355 354
355 356
355 371
356 344
356 355
356 357
356 372
357 347
357 356
357 358
357 373
358 333
358 357
358 359
358 363
359 202
359 358
359 360
360 176
360 359
360 361
361 33
361 48
361 360
361 362
361 378
362 10
362 361
363 358
363 375
364 19
364 365
365 158
365 364
365 366
366 124
366 365
366 367
367 351
367 366
367 368
367 384
368 367
368 369
369 34
369 49
369 353
369 368
369 370
370 354
370 369
370 371
370 386
371 355
371 370
371 372
371 387
372 356
372 371
372 373
372 388
373 35
373 50
373 357
373 372
373 374
374 247
374 373
374 375
375 219
375 363
375 374
375 376
375 390
376 204
376 375
376 377
377 174
377 376
377 378
378 36
378 51
378 361
378 377
378 379
379 9
379 378
380 19
380 381
381 160
381 380
381 382
382 122
382 381
382 383
383 382
383 384
384 367
384 383
384 385
384 401
385 34
385 49
385 384
385 386
385 402
386 370
386 385
386 387
386 403
387 371
387 386
387 388
387 404
388 372
388 387
388 389
388 405
389 35
389 50
389 388
389 390
389 406
390 375
390 389
390 391
390 407
391 249
391 390
391 392
392 207
392 391
392 393
393 170
393 392
393 394
394 36
394 51
394 393
394 395
394 396
395 9
395 394
396 215
396 394
396 410
397 20
397 398
398 397
398 399
399 163
399 398
399 400
400 119
400 399
400 401
401 37
401 52
401 384
401 400
402 37
402 52
402 385
402 403
402 412
403 386
403 402
403 404
404 387
404 403
404 405
404 413
405 388
405 404
405 406
405 414
406 38
406 53
406 389
406 405
406 415
407 38
407 53
407 390
407 408
407 416
408 211
408 407
408 409
409 167
409 408
409 410
410 396
410 409
410 411
411 8
411 410
412 21
412 402
413 21
413 404
414 22
414 405
415 22
415 406
416 23
416 407
