1.09046 4 4
1.09046 4 4
1.09046 4 4
1.09046 4 4
1.09046 4 4
1.09046 4 4
1.09046 4 4
1 4 4
1 4 4
1 4 4
1 4 4
1 4 4
1 4 4
1 4 4
1 4 4
1 4 4
1 4 4
1 4 4
1 4 4
1 4 4
1 4 4
1 4 4
1 4 4
1 4 4
1 4 4
1 4 4
1 4 4
1 4 4
1 4 4
0.149068 4 4
0.149068 4 4
0.149068 4 4
0.149068 4 4
0.149068 4 4
0.149068 4 4
0.149068 4 4
0.149068 4 4
0.149068 4 4
0.149068 4 4
0.149068 4 4
0.149068 4 4
0.149068 4 4
0.149068 4 4
0.149068 4 4
0.149068 4 4
0.149068 4 4
0.149068 4 4
0.149068 4 4
0.149068 4 4
0.149068 4 4
0.149068 4 4
0.149068 4 4
0.149068 4 4
0.149068 4 4
0.149068 4 4
0.149068 4 4
0.149068 4 4
0.149068 4 4
0.149068 4 4
1.45985 4 4
1.45985 4 4
1.32008 4 4
1.32008 4 4
1 4 4
1 4 4
1 4 4
1 4 4
1.54015 4 4
1.54015 4 4
1 4 4
3 4 4
1 4 4
1 4 4
1 4 4
1 4 4
0.920076 4 4
0.940152 4 4
1 4 4
1 4 4
1 4 4
1 4 4
1 4 4
1 4 4
1 4 4
1 4 4
1 4 4
1 4 4
1.07992 4 4
1.05985 4 4
0.333333 4 4
0.333333 4 4
0.333333 4 4
0.333333 4 4
0.333333 4 4
0.333333 4 4
0.333333 4 4
0.333333 4 4
0.333333 4 4
0.333333 4 4
0.333333 4 4
0.333333 4 4
1.09046 4 4
1.09046 4 4
0.545229 4 4
0.333333 4 4
0.349029 4 4
0.229038 4 4
0.272615 4 4
0.5 4 4
1.75568 4 4
0.272615 4 4
0.5 4 4
1.40665 4 4
0.272615 4 4
0.5 4 4
0.272615 4 4
0.468815 4 4
0.333333 4 4
1.09046 4 4
1.09046 4 4
1.09046 4 4
0.468815 4 4
0.333333 4 4
0.272615 4 4
0.272615 4 4
0.5 4 4
1.40665 4 4
0.272615 4 4
0.5 4 4
1.75568 4 4
0.272615 4 4
0.5 4 4
0.229038 4 4
0.349029 4 4
0.545229 4 4
0.333333 4 4
1.09046 4 4
1.09046 4 4
1.09046 4 4
0.272615 4 4
0.5 4 4
0.229038 4 4
0.316192 4 4
0.349029 4 4
0.333333 4 4
0.333333 4 4
0.697852 4 4
0.272615 4 4
0.5 4 4
1.24308 4 4
0.272615 4 4
0.5 4 4
0.621644 4 4
0.272615 4 4
0.5 4 4
0.392606 4 4
0.272615 4 4
0.5 4 4
0.774267 4 4
0.333333 4 4
0.333333 4 4
0.333333 4 4
0.774267 4 4
0.272615 4 4
0.5 4 4
0.392606 4 4
0.272615 4 4
0.5 4 4
0.621644 4 4
0.272615 4 4
0.5 4 4
1.24308 4 4
0.272615 4 4
0.5 4 4
0.697852 4 4
0.349029 4 4
0.333333 4 4
0.333333 4 4
0.316192 4 4
0.229038 4 4
0.272615 4 4
0.5 4 4
1.09046 4 4
1.09046 4 4
1.09046 4 4
0.272615 4 4
0.5 4 4
0.545229 4 4
0.621644 4 4
0.272615 4 4
0.5 4 4
0.861421 4 4
0.272615 4 4
0.5 4 4
0.861421 4 4
0.272615 4 4
0.5 4 4
0.621644 4 4
0.316192 4 4
0.272615 4 4
0.5 4 4
0.861421 4 4
0.316192 4 4
0.5 4 4
0.468815 4 4
0.349029 4 4
0.272615 4 4
0.5 4 4
0.152623 4 4
0.632383 4 4
0.333333 4 4
0.130938 4 4
0.333333 4 4
1.09046 4 4
0.272615 4 4
0.5 4 4
0.937836 4 4
0.333333 4 4
0.333333 4 4
0.937836 4 4
0.272615 4 4
0.5 4 4
0.894259 4 4
0.119992 4 4
0.333333 4 4
0.763321 4 4
0.229038 4 4
0.272615 4 4
0.5 4 4
0.349029 4 4
0.229038 4 4
0.621644 4 4
0.5 4 4
0.697852 4 4
0.272615 4 4
0.5 4 4
0.316192 4 4
0.621644 4 4
0.272615 4 4
0.5 4 4
0.861421 4 4
0.272615 4 4
0.5 4 4
0.861421 4 4
0.272615 4 4
0.5 4 4
0.621644 4 4
0.545229 4 4
0.272615 4 4
0.5 4 4
1.09046 4 4
1.09046 4 4
1.09046 4 4
0.272615 4 4
0.5 4 4
0.774267 4 4
0.349029 4 4
0.0654688 4 4
0.333333 4 4
0.283561 4 4
0.5 4 4
0.501652 4 4
0.229038 4 4
0.272615 4 4
0.5 4 4
0.817844 4 4
0.272615 4 4
0.5 4 4
0.817844 4 4
0.272615 4 4
0.5 4 4
1.9083 4 4
0.272615 4 4
0.5 4 4
0.152623 4 4
0.392606 4 4
0.333333 4 4
0.333333 4 4
0.392606 4 4
0.741429 4 4
0.392606 4 4
0.272615 4 4
0.5 4 4
0.894259 4 4
0.774267 4 4
0.333333 4 4
0.333333 4 4
0.774267 4 4
0.894259 4 4
0.272615 4 4
0.5 4 4
0.392606 4 4
0.741429 4 4
0.333333 4 4
0.333333 4 4
0.392606 4 4
0.392606 4 4
0.152623 4 4
0.272615 4 4
0.5 4 4
1.9083 4 4
0.272615 4 4
0.5 4 4
0.817844 4 4
0.272615 4 4
0.5 4 4
0.817844 4 4
0.272615 4 4
0.5 4 4
0.229038 4 4
0.501652 4 4
0.283561 4 4
0.0654688 4 4
0.5 4 4
0.349029 4 4
0.333333 4 4
0.774267 4 4
0.272615 4 4
0.5 4 4
1.09046 4 4
1.09046 4 4
1.09046 4 4
0.392606 4 4
0.333333 4 4
0.588806 4 4
0.283561 4 4
0.5 4 4
0.774267 4 4
0.501652 4 4
0.5 4 4
1.16687 4 4
0.316192 4 4
0.425238 4 4
0.5 4 4
0.970467 4 4
0.621644 4 4
0.5 4 4
0.937836 4 4
0.392606 4 4
0.5 4 4
1.09046 4 4
0.468815 4 4
0.5 4 4
0.119992 4 4
0.333333 4 4
0.294506 4 4
0.333333 4 4
0.316192 4 4
1.09046 4 4
1.09046 4 4
1.09046 4 4
0.119992 4 4
0.250723 4 4
0.333333 4 4
0.333333 4 4
0.229038 4 4
0.229038 4 4
0.468815 4 4
0.5 4 4
0.937836 4 4
0.621644 4 4
0.5 4 4
0.937836 4 4
0.392606 4 4
0.5 4 4
1.04688 4 4
0.621644 4 4
0.5 4 4
1.16687 4 4
0.392606 4 4
0.5 4 4
0.894259 4 4
0.359769 4 4
0.0545229 4 4
0.5 4 4
0.333333 4 4
0.523337 4 4
1.09046 4 4
1 4 4
2 4 4
0.5 4 4
2 4 4
0.5 4 4
0.5 4 4
0.5 4 4
1.92008 4 4
1 4 4
2 4 4
0.5 4 4
2 4 4
0.5 4 4
0.5 4 4
0.5 4 4
1.92008 4 4
0.5 4 4
0.5 4 4
0.5 4 4
0.5 4 4
1.85985 4 4
1 4 4
2 4 4
1 4 4
2 4 4
0.5 4 4
2 4 4
0.5 4 4
0.5 4 4
0.5 4 4
1 4 4
0.149068 4 4
1.45985 4 4
1.92008 4 4
1 4 4
3.57992 4 4
0.149068 4 4
1.45985 4 4
1.92008 4 4
1 4 4
1.64015 4 4
0.149068 4 4
1.32008 4 4
1 4 4
1.72008 4 4
0.149068 4 4
1.32008 4 4
1.85985 4 4
1 4 4
2.5 4 4
1 4 4
0.579924 4 4
0.5 4 4
0.579924 4 4
0.5 4 4
0.5 4 4
0.5 4 4
2.27992 4 4
0.149068 4 4
1 4 4
2 4 4
0.279924 4 4
2 4 4
0.149068 4 4
1 4 4
2 4 4
1.42008 4 4
1 4 4
2 4 4
1 4 4
2 4 4
0.5 4 4
3.57992 4 4
0.720076 4 4
0.5 4 4
0.5 4 4
0.5 4 4
0.5 4 4
0.420076 4 4
0.420076 4 4
0.420076 4 4
1.64015 4 4
0.579924 4 4
0.579924 4 4
0.359848 4 4
0.5 4 4
0.359848 4 4
0.5 4 4
0.5 4 4
0.5 4 4
0.279924 4 4
0.279924 4 4
0.579924 4 4
0.579924 4 4
0.420076 4 4
1.72008 4 4
0.720076 4 4
0.5 4 4
0.720076 4 4
0.5 4 4
0.5 4 4
0.5 4 4
1.22008 4 4
0.5 4 4
2.5 4 4
0.5 4 4
0.5 4 4
0.5 4 4
1.27992 4 4
2 4 4
1.85985 4 4
0.5 4 4
1.42008 4 4
0.5 4 4
0.5 4 4
0.5 4 4
0.279924 4 4
0.279924 4 4
0.720076 4 4
2 4 4
0.420076 4 4
1.57992 4 4
0.5 4 4
0.420076 4 4
0.5 4 4
0.5 4 4
0.5 4 4
1.14015 4 4
0.5 4 4
0.720076 4 4
1.14015 4 4
1 4 4
1.92008 4 4
0.420076 4 4
1 4 4
0.5 4 4
1.92008 4 4
0.5 4 4
0.5 4 4
0.149068 4 4
1 4 4
0.420076 4 4
0.5 4 4
1.14015 4 4
0.149068 4 4
0.149068 4 4
1 4 4
1.54015 4 4
1.22008 4 4
2.14015 4 4
0.149068 4 4
1.54015 4 4
1.27992 4 4
0.920076 4 4
0.279924 4 4
1.85985 4 4
0.920076 4 4
0.720076 4 4
3.27992 4 4
0.5 4 4
0.720076 4 4
0.5 4 4
0.5 4 4
0.5 4 4
0.5 4 4
0.149068 4 4
1 4 4
0.720076 4 4
0.5 4 4
2 4 4
1 4 4
2 4 4
0.5 4 4
1.57992 4 4
0.279924 4 4
0.5 4 4
1.14015 4 4
0.720076 4 4
0.279924 4 4
2.72008 4 4
0.279924 4 4
0.779924 4 4
1.72008 4 4
0.5 4 4
0.279924 4 4
1.64015 4 4
1.92008 4 4
1.72008 4 4
2.57992 4 4
1.07992 4 4
1.92008 4 4
1 4 4
0.859848 4 4
1.07992 4 4
0.5 4 4
0.720076 4 4
1 4 4
1.14015 4 4
1.07992 4 4
1.14015 4 4
1 4 4
2.14015 4 4
0.859848 4 4
1 4 4
0.859848 4 4
2.72008 4 4
2.57992 4 4
1.72008 4 4
0.720076 4 4
3.27992 4 4
1.64015 4 4
0.720076 4 4
0.279924 4 4
1 4 4
2 4 4
0.5 4 4
2 4 4
0.5 4 4
0.5 4 4
0.5 4 4
0.579924 4 4
1.72008 4 4
0.579924 4 4
0.859848 4 4
0.359848 4 4
0.859848 4 4
1.57992 4 4
1.07992 4 4
1.57992 4 4
1 4 4
1 4 4
1.07992 4 4
1 4 4
1 4 4
1 4 4
0.149068 4 4
1 4 4
1.07992 4 4
1 4 4
1 4 4
0.149068 4 4
1 4 4
0.5 4 4
0.859848 4 4
0.420076 4 4
0.640152 4 4
0.420076 4 4
1.92008 4 4
0.149068 4 4
0.920076 4 4
0.720076 4 4
1.92008 4 4
0.720076 4 4
0.149068 4 4
0.940152 4 4
0.720076 4 4
0.420076 4 4
2.07992 4 4
0.779924 4 4
0.420076 4 4
0.279924 4 4
0.5 4 4
0.279924 4 4
0.5 4 4
0.5 4 4
0.5 4 4
0.5 4 4
0.149068 4 4
0.149068 4 4
3 4 4
1 4 4
0.5 4 4
2 4 4
1 4 4
2 4 4
0.5 4 4
0.640152 4 4
0.420076 4 4
0.149068 4 4
1 4 4
0.359848 4 4
1.72008 4 4
0.149068 4 4
1 4 4
1 4 4
1 4 4
2 4 4
1 4 4
1 4 4
1 4 4
2 4 4
1 4 4
1 4 4
2 4 4
2 4 4
0.420076 4 4
2 4 4
2 4 4
0.720076 4 4
0.640152 4 4
0.5 4 4
0.640152 4 4
1.07992 4 4
0.5 4 4
1.07992 4 4
0.279924 4 4
1 4 4
2 4 4
0.5 4 4
2 4 4
0.5 4 4
0.5 4 4
0.5 4 4
0.859848 4 4
1.72008 4 4
0.859848 4 4
0.720076 4 4
2 4 4
0.720076 4 4
1.42008 4 4
2 4 4
1.42008 4 4
1 4 4
2 4 4
2 4 4
1 4 4
1 4 4
2 4 4
2 4 4
1 4 4
2 4 4
2 4 4
2 4 4
2 4 4
2 4 4
2 4 4
0.279924 4 4
2 4 4
2 4 4
2 4 4
2.07992 4 4
2 4 4
0.720076 4 4
1.72008 4 4
0.5 4 4
0.720076 4 4
0.5 4 4
0.5 4 4
0.5 4 4
0.5 4 4
0.149068 4 4
1 4 4
0.5 4 4
2 4 4
2 4 4
1 4 4
2 4 4
1.72008 4 4
0.279924 4 4
1 4 4
2 4 4
0.5 4 4
2 4 4
0.5 4 4
0.5 4 4
0.5 4 4
0.859848 4 4
2 4 4
0.859848 4 4
0.720076 4 4
2.27992 4 4
0.720076 4 4
1.42008 4 4
0.149068 4 4
1 4 4
2 4 4
1.42008 4 4
1 4 4
2 4 4
1 4 4
1 4 4
2 4 4
2 4 4
1 4 4
2 4 4
2 4 4
2 4 4
2 4 4
2 4 4
2 4 4
0.149068 4 4
1 4 4
2 4 4
2 4 4
1.42008 4 4
0.5 4 4
1.42008 4 4
0.579924 4 4
0.5 4 4
0.279924 4 4
0.579924 4 4
0.720076 4 4
2 4 4
0.5 4 4
0.720076 4 4
0.5 4 4
0.5 4 4
0.5 4 4
0.5 4 4
0.149068 4 4
1 4 4
2 4 4
0.5 4 4
2 4 4
1 4 4
2 4 4
1 4 4
2 4 4
0.5 4 4
2 4 4
0.5 4 4
0.5 4 4
0.5 4 4
0.579924 4 4
0.579924 4 4
0.420076 4 4
2.27992 4 4
0.420076 4 4
2 4 4
2 4 4
0.149068 4 4
1 4 4
2 4 4
1 4 4
2 4 4
2 4 4
1 4 4
1 4 4
2 4 4
2 4 4
1 4 4
2 4 4
2 4 4
2 4 4
2 4 4
2 4 4
2 4 4
0.149068 4 4
1 4 4
2 4 4
2 4 4
2 4 4
2 4 4
2 4 4
0.720076 4 4
2.57992 4 4
0.5 4 4
0.720076 4 4
0.420076 4 4
0.5 4 4
0.420076 4 4
0.420076 4 4
0.5 4 4
0.420076 4 4
0.140152 4 4
0.149068 4 4
1 4 4
0.140152 4 4
2 4 4
0.579924 4 4
1 4 4
2 4 4
0.5 4 4
0.579924 4 4
2 4 4
1 4 4
2 4 4
2 4 4
0.579924 4 4
0.5 4 4
0.579924 4 4
0.5 4 4
0.5 4 4
0.5 4 4
0.140152 4 4
0.149068 4 4
1 4 4
2 4 4
0.140152 4 4
0.149068 4 4
1 4 4
2 4 4
1 4 4
2 4 4
2 4 4
1 4 4
1 4 4
2 4 4
1 4 4
2 4 4
2 4 4
2 4 4
2 4 4
2 4 4
2 4 4
0.149068 4 4
1.07992 4 4
2 4 4
2 4 4
2 4 4
0.149068 4 4
1.05985 4 4
2.57992 4 4
1.07992 4 4
2 4 4
0.5 4 4
1.07992 4 4
0.5 4 4
0.5 4 4
0.5 4 4
0.220076 4 4
2 4 4
0.220076 4 4
2 4 4
1 4 4
2 4 4
1 4 4
2 4 4
1 4 4
2 4 4
1 4 4
2 4 4
1 4 4
2 4 4
1 4 4
2 4 4
