4938.06
7309.82
1164.37
885.07
5254.13
879.338
5963.52
870.144
1397.46
6680.1
3970.23
934.464
6000
1032.23
6000
2232.23
1370.88
7388.63
987.28
827.933
5919.94
6223.71
6000
6000
6441.7
1076.22
825
973.893
875
3954.62
8000
3900
5719.3
882.82
6000
8000
1124.41
970.977
1834.14
8000
875
4394.23
1910.94
4320.23
5946.29
2840.49
2863.54
4445.02
6321.01
6703.33
4469.88
1245.95
4904.24
4209.45
1886.21
2913.63
6192.45
8000
1617.71
7034.07
6293.13
2023.08
6009
2644.72
6000
2479.37
5449.82
2416.39
4493.71
8000
2895.85
7627.74
1884.19
1606.33
4495.93
877.862
2853.1
2080.19
5879.86
2210.8
8000
960.167
8000
1139.32
8000
4500
7980.29
3559.21
1506.69
3600
1750
8000
2372.86
1316.91
7731.46
985.369
2020.84
2656.3
1139.33
2102.07
8332.49
1906.38
6458.76
1423.69
4266.62
1060.25
6000
6000
4882.9
904.281
6000
6000
965.58
5459.29
2423.74
2987.33
2599.32
5555.61
2787.22
2621.68
5444.29
4790.35
5400
5470.88
5898.7
1388.37
6000
5276.54
1957.38
6000
875
6000
1058.12
7118.1
5815.73
1816.11
5772.23
5733.06
6000
6422.21
7532.42
4371.13
1664.45
8352.01
6101.89
1003.25
6304.11
6005.6
2188.68
1809.17
5747.7
1518.91
6000
875
1921.77
1750
1828.68
5867.3
1763.71
6000
1745.16
6000
1213.74
6000
2462.63
6000
4768.36
6000
5972.59
2262.71
4074.53
1285.01
6000
5233.5
1688.73
825
2121.02
2121.35
1884.44
2164.62
1893.17
6000
1117.78
2459.64
2063.93
2664.13
825.847
2928.31
2000
825
2173.01
2000
2000
2415.09
2000
2000
2000
2000
2000
1860.99
5779.65
1755.93
2000
2000
2000
2000
2000
2000
2000
2630.41
2000
2000
2000
2000
2000
2000
4803.18
1055.14
2614.74
5784.05
2000
2000
2000
2000
2000
2075.83
1400.48
2000
2000
2000
2000
2000
2000
2000
2000
2000
2000
2000
2000
2000
2000
2000
2000
2333.43
2000
3179.35
875
2919.75
1576.24
1017.34
1400.15
1145.21
2000
2000
825
825
3317.45
6000
