0 68 1.96554
0 66 1.9484
0 65 1.93676
0 64 1.93676
0 63 1.93676
0 62 1.93676
0 61 1.93676
0 60 1.88017
0 59 2.02354
0 58 2.02354
0 53 1.87512
0 52 4.45234
0 51 4.48403
0 50 9.07785
0 49 9.07785
0 48 8.50548
0 47 14.5753
0 41 23.3943
0 39 20.428
0 38 20.428
0 37 20.428
0 36 20.428
0 35 11.7222
0 32 8.60628
0 31 8.60628
0 30 8.60628
0 29 8.60628
0 28 29.6816
0 21 31.6818
0 20 28.773
0 6 918.488
0 2 471.819
0 1 63.8028
1 17 90.9516
1 16 90.9516
1 15 90.9516
1 13 104.284
1 12 104.284
1 9 167.195
1 5 381.412
1 2 118.652
1 0 44.6108
2 11 134.776
2 1 72.0705
2 0 67.6397
5 52 4.85425
5 51 4.83057
5 50 11.0075
5 49 11.0075
5 48 10.0507
5 47 20.7584
5 41 32.8512
5 39 30.947
5 38 30.947
5 37 30.947
5 36 30.947
5 28 60.6977
5 21 64.777
5 20 54.323
5 17 181.418
5 16 181.418
5 15 181.418
5 13 136.941
5 12 136.941
5 9 957.7
5 2 329.23
5 1 320.643
5 0 56.936
6 0 724.769
9 52 4.26372
9 51 4.28471
9 50 8.15425
9 49 8.15425
9 48 7.65136
9 47 12.1954
9 41 17.1781
9 39 15.8657
9 38 15.8657
9 37 15.8657
9 36 15.8657
9 28 20.732
9 21 21.5655
9 13 4.52561
9 12 4.52561
9 5 190.636
9 2 4.60568
9 1 465.677
9 0 4.44832
11 55 146.285
11 54 146.285
11 2 123.041
11 0 35.2559
12 68 9.56868
12 66 2.01248
12 65 2.00712
12 64 2.00712
12 63 2.00712
12 62 2.00712
12 61 2.00712
12 60 2.01917
12 59 2.03474
12 58 2.03474
12 53 1.95083
12 52 4.78358
12 51 4.77815
12 50 10.6629
12 49 10.6629
12 48 9.83961
12 47 18.6125
12 41 32.0764
12 39 30.0483
12 38 30.0483
12 37 30.0483
12 36 30.0483
12 32 10.8795
12 31 10.8795
12 30 10.8795
12 29 10.8795
12 28 54.5253
12 21 51.4009
12 20 46.7684
12 19 29.5391
12 2 86.7881
13 68 9.56868
13 66 2.01248
13 65 2.00712
13 64 2.00712
13 63 2.00712
13 62 2.00712
13 61 2.00712
13 60 2.01917
13 59 2.03474
13 58 2.03474
13 53 1.95083
13 52 4.78358
13 51 4.77815
13 50 10.6629
13 49 10.6629
13 48 9.83961
13 47 18.6125
13 41 32.0764
13 39 30.0483
13 38 30.0483
13 37 30.0483
13 36 30.0483
13 32 10.8795
13 31 10.8795
13 30 10.8795
13 29 10.8795
13 28 54.5253
13 21 51.4009
13 20 46.7684
13 19 29.5391
13 2 86.7881
15 20 688.878
15 19 62.7376
15 9 260.415
16 20 688.878
16 19 62.7376
16 9 260.415
17 20 688.878
17 19 62.7376
17 9 260.415
19 68 8.3197
19 66 7.80346
19 65 7.64293
19 64 7.64293
19 63 7.64293
19 62 7.64293
19 61 7.64293
19 60 7.33934
19 59 8.79299
19 58 8.79299
19 53 6.74957
19 52 4.53208
19 51 4.55309
19 50 9.57386
19 49 9.57386
19 48 8.82548
19 47 15.7775
19 39 22.2598
19 38 22.2598
19 37 22.2598
19 36 22.2598
19 28 33.3503
19 21 35.1299
19 20 45.2784
19 17 33.1155
19 16 33.1155
19 15 33.1155
19 13 18.2878
19 12 18.2878
19 5 21.9334
19 2 3.39148
19 0 3.25207
20 68 113.705
20 66 2.60495
20 65 2.59496
20 64 2.59496
20 63 2.59496
20 62 2.59496
20 61 2.59496
20 60 2.55227
20 59 2.68107
20 58 2.68107
20 53 2.47077
20 52 5.13531
20 51 5.01375
20 50 12.2632
20 49 12.2632
20 48 11.0602
20 47 25.0878
20 39 43.1127
20 38 43.1127
20 37 43.1127
20 36 43.1127
20 32 343.118
20 31 343.118
20 30 343.118
20 29 343.118
20 28 127.215
20 21 165.779
20 19 69.5085
20 17 130.672
20 16 130.672
20 15 130.672
20 13 31.1646
20 12 31.1646
20 9 82.9477
20 5 90.6242
20 2 34.1523
20 1 69.589
20 0 0.600509
21 68 13.6107
21 66 2.10045
21 65 2.09139
21 64 2.09139
21 63 2.09139
21 62 2.09139
21 61 2.09139
21 60 2.10535
21 59 2.12985
21 58 2.12985
21 53 2.03123
21 52 5.19882
21 51 5.1971
21 50 13.2429
21 49 13.2429
21 48 11.8746
21 47 33.5263
21 41 173.3
21 39 59.8467
21 38 59.8467
21 37 59.8467
21 36 59.8467
21 32 18.1842
21 31 18.1842
21 30 18.1842
21 29 18.1842
21 28 689.867
21 20 366.77
21 19 56.6776
21 13 38.8664
21 12 38.8664
21 9 212.163
21 5 203.085
21 2 43.4479
21 1 44.5098
21 0 0.600056
22 66 55.6734
22 65 42.3243
22 64 42.3243
22 63 42.3243
22 62 42.3243
22 61 42.3243
22 60 49.3341
22 59 142.622
22 58 142.622
22 56 84.4743
22 53 27.616
22 52 208.158
22 51 271.589
22 47 108.106
22 41 204.47
23 66 55.6734
23 65 42.3243
23 64 42.3243
23 63 42.3243
23 62 42.3243
23 61 42.3243
23 60 49.3341
23 59 142.622
23 58 142.622
23 56 84.4743
23 53 27.616
23 52 208.158
23 51 271.589
23 47 108.106
23 41 204.47
24 66 55.6734
24 65 42.3243
24 64 42.3243
24 63 42.3243
24 62 42.3243
24 61 42.3243
24 60 49.3341
24 59 142.622
24 58 142.622
24 56 84.4743
24 53 27.616
24 52 208.158
24 51 271.589
24 47 108.106
24 41 204.47
25 66 55.6734
25 65 42.3243
25 64 42.3243
25 63 42.3243
25 62 42.3243
25 61 42.3243
25 60 49.3341
25 59 142.622
25 58 142.622
25 56 84.4743
25 53 27.616
25 52 208.158
25 51 271.589
25 47 108.106
25 41 204.47
28 68 7.65428
28 66 1.95989
28 65 1.94955
28 64 1.94955
28 63 1.94955
28 62 1.94955
28 61 1.94955
28 60 1.93223
28 59 2.00695
28 58 2.00695
28 50 13.405
28 49 13.405
28 48 12.1298
28 39 65.6397
28 38 65.6397
28 37 65.6397
28 36 65.6397
28 32 8.29172
28 31 8.29172
28 30 8.29172
28 29 8.29172
28 21 26.1277
28 20 23.8374
28 19 18.7019
28 13 15.2476
28 12 15.2476
28 9 23.4635
28 5 22.9984
28 2 16.226
28 1 16.3496
28 0 0.593797
29 68 14.5593
29 66 13.5701
29 65 12.6882
29 64 12.6882
29 63 12.6882
29 62 12.6882
29 61 12.6882
29 60 12.1829
29 59 15.4248
29 58 15.4248
29 57 18.9892
29 56 15.834
29 53 10.7489
29 45 74.9777
29 44 74.9777
29 43 74.9777
29 42 74.9777
29 35 127.057
29 34 188.593
29 25 658.051
29 24 658.051
29 23 658.051
29 22 658.051
30 68 14.5593
30 66 13.5701
30 65 12.6882
30 64 12.6882
30 63 12.6882
30 62 12.6882
30 61 12.6882
30 60 12.1829
30 59 15.4248
30 58 15.4248
30 57 18.9892
30 56 15.834
30 53 10.7489
30 45 74.9777
30 44 74.9777
30 43 74.9777
30 42 74.9777
30 35 127.057
30 34 188.593
30 25 658.051
30 24 658.051
30 23 658.051
30 22 658.051
31 68 14.5593
31 66 13.5701
31 65 12.6882
31 64 12.6882
31 63 12.6882
31 62 12.6882
31 61 12.6882
31 60 12.1829
31 59 15.4248
31 58 15.4248
31 57 18.9892
31 56 15.834
31 53 10.7489
31 45 74.9777
31 44 74.9777
31 43 74.9777
31 42 74.9777
31 35 127.057
31 34 188.593
31 25 658.051
31 24 658.051
31 23 658.051
31 22 658.051
32 68 14.5593
32 66 13.5701
32 65 12.6882
32 64 12.6882
32 63 12.6882
32 62 12.6882
32 61 12.6882
32 60 12.1829
32 59 15.4248
32 58 15.4248
32 57 18.9892
32 56 15.834
32 53 10.7489
32 45 74.9777
32 44 74.9777
32 43 74.9777
32 42 74.9777
32 35 127.057
32 34 188.593
32 25 658.051
32 24 658.051
32 23 658.051
32 22 658.051
34 65 7.29532
34 64 7.29532
34 63 7.29532
34 62 7.29532
34 61 7.29532
34 60 7.35385
34 59 8.50018
34 58 8.50018
34 57 9.72777
34 56 8.22142
34 45 121.255
34 44 121.255
34 43 121.255
34 42 121.255
34 41 107.99
34 35 383.047
34 32 181.021
34 31 181.021
34 30 181.021
34 29 181.021
34 19 101.146
35 45 162.812
35 44 162.812
35 43 162.812
35 42 162.812
35 41 127.933
35 34 8.45922
35 32 8.11474
35 31 8.11474
35 30 8.11474
35 29 8.11474
35 19 7.84607
35 11 14.3263
35 2 12.9747
35 1 13.0993
35 0 76.6142
36 66 4.90639
36 65 4.78777
36 64 4.78777
36 63 4.78777
36 62 4.78777
36 61 4.78777
36 60 4.61306
36 59 5.02841
36 58 5.02841
36 56 5.2171
36 53 104.125
36 41 146.899
36 35 46.2134
36 34 6.96326
36 28 498.945
36 21 24.745
36 13 14.5673
36 12 14.5673
36 9 22.5183
36 5 21.8335
36 2 15.6623
36 1 15.8371
36 0 0.590858
37 66 4.90639
37 65 4.78777
37 64 4.78777
37 63 4.78777
37 62 4.78777
37 61 4.78777
37 60 4.61306
37 59 5.02841
37 58 5.02841
37 56 5.2171
37 53 104.125
37 41 146.899
37 35 46.2134
37 34 6.96326
37 28 498.945
37 21 24.745
37 13 14.5673
37 12 14.5673
37 9 22.5183
37 5 21.8335
37 2 15.6623
37 1 15.8371
37 0 0.590858
38 66 4.90639
38 65 4.78777
38 64 4.78777
38 63 4.78777
38 62 4.78777
38 61 4.78777
38 60 4.61306
38 59 5.02841
38 58 5.02841
38 56 5.2171
38 53 104.125
38 41 146.899
38 35 46.2134
38 34 6.96326
38 28 498.945
38 21 24.745
38 13 14.5673
38 12 14.5673
38 9 22.5183
38 5 21.8335
38 2 15.6623
38 1 15.8371
38 0 0.590858
39 66 4.90639
39 65 4.78777
39 64 4.78777
39 63 4.78777
39 62 4.78777
39 61 4.78777
39 60 4.61306
39 59 5.02841
39 58 5.02841
39 56 5.2171
39 53 104.125
39 41 146.899
39 35 46.2134
39 34 6.96326
39 28 498.945
39 21 24.745
39 13 14.5673
39 12 14.5673
39 9 22.5183
39 5 21.8335
39 2 15.6623
39 1 15.8371
39 0 0.590858
41 53 347.505
41 52 20.6493
41 47 295.104
41 35 69.18
41 34 7.33975
41 25 275.055
41 24 275.055
41 23 275.055
41 22 275.055
41 21 2.43744
41 13 2.37387
41 12 2.37387
41 5 2.42849
41 2 2.41216
41 1 2.41614
41 0 0.496327
42 47 495.814
42 35 85.2884
42 34 7.77293
42 32 7.42314
42 31 7.42314
42 30 7.42314
42 29 7.42314
43 47 495.814
43 35 85.2884
43 34 7.77293
43 32 7.42314
43 31 7.42314
43 30 7.42314
43 29 7.42314
44 47 495.814
44 35 85.2884
44 34 7.77293
44 32 7.42314
44 31 7.42314
44 30 7.42314
44 29 7.42314
45 47 495.814
45 35 85.2884
45 34 7.77293
45 32 7.42314
45 31 7.42314
45 30 7.42314
45 29 7.42314
47 53 465.408
47 52 6.44716
47 51 6.46466
47 50 60.5604
47 49 60.5604
47 48 38.7499
47 41 149.787
47 25 103.158
47 24 103.158
47 23 103.158
47 22 103.158
47 21 5.40138
47 20 5.28831
47 19 4.83753
47 13 4.69791
47 12 4.69791
47 9 5.26402
47 5 5.20131
47 2 4.7421
47 1 4.76672
47 0 0.544804
48 53 32.6454
48 52 5.45853
48 51 5.49758
48 50 55.3815
48 49 55.3815
48 47 34.7957
48 28 14.5515
48 21 9.25843
48 20 8.94074
48 19 7.8551
48 13 7.34067
48 12 7.34067
48 9 8.94025
48 5 8.7594
48 2 7.58301
48 1 7.60627
48 0 0.571588
49 56 121.443
49 53 31.993
49 52 69.8764
49 51 388.124
49 48 11.5204
49 47 225.873
49 28 22.0491
49 21 11.8327
49 20 11.3336
49 19 9.68334
49 13 8.88281
49 12 8.88281
49 9 11.3493
49 5 11.0926
49 2 9.27495
49 1 9.2827
49 0 0.579193
50 56 121.443
50 53 31.993
50 52 69.8764
50 51 388.124
50 48 11.5204
50 47 225.873
50 28 22.0491
50 21 11.8327
50 20 11.3336
50 19 9.68334
50 13 8.88281
50 12 8.88281
50 9 11.3493
50 5 11.0926
50 2 9.27495
50 1 9.2827
50 0 0.579193
51 53 34.6813
51 52 84.2856
51 50 88.0383
51 49 88.0383
51 48 31.555
51 47 181.068
51 35 19.0651
51 34 5.90049
51 32 5.70031
51 31 5.70031
51 30 5.70031
51 29 5.70031
51 21 5.19629
51 20 5.19048
51 19 4.69266
51 13 4.55332
51 12 4.55332
51 9 5.10292
51 5 5.058
51 2 4.61336
51 1 4.63382
51 0 0.544491
52 53 56.1716
52 51 234.005
52 50 63.9732
52 49 63.9732
52 48 31.4007
52 47 168.926
52 45 33.9069
52 44 33.9069
52 43 33.9069
52 42 33.9069
52 41 15.6867
52 35 24.4838
52 34 6.34883
52 32 6.1256
52 31 6.1256
52 30 6.1256
52 29 6.1256
52 21 5.20707
52 20 5.09302
52 19 4.71027
52 13 4.56013
52 12 4.56013
52 9 5.1098
52 5 5.05201
52 2 4.64567
52 1 4.66208
52 0 0.546041
53 68 562.29
53 66 42.2472
53 65 8.54667
53 64 8.54667
53 63 8.54667
53 62 8.54667
53 61 8.54667
53 60 8.49361
53 59 10.0993
53 58 10.0993
53 57 10.8432
53 56 9.3488
53 52 21.5691
53 51 19.6599
53 50 16.5185
53 49 16.5185
53 48 32.2557
53 47 187.878
53 45 80.4595
53 44 80.4595
53 43 80.4595
53 42 80.4595
53 41 21.311
53 35 41.9418
53 32 9.64616
53 31 9.64616
53 30 9.64616
53 29 9.64616
53 25 9.22486
53 24 9.22486
53 23 9.22486
53 22 9.22486
53 21 5.46789
53 20 0.959323
53 19 4.93219
53 13 4.75779
53 12 4.75779
53 5 3.59257
53 2 1.90468
53 0 0.529152
54 11 136.827
55 11 136.827
56 68 29.4647
56 66 24.0673
56 65 21.0932
56 64 21.0932
56 63 21.0932
56 62 21.0932
56 61 21.0932
56 60 23.3412
56 59 34.4702
56 58 34.4702
56 53 16.7922
56 50 157.185
56 49 157.185
56 34 9.65516
56 32 31.208
56 31 31.208
56 30 31.208
56 29 31.208
56 25 27.2017
56 24 27.2017
56 23 27.2017
56 22 27.2017
57 68 22.9306
57 66 19.9926
57 65 18.0257
57 64 18.0257
57 63 18.0257
57 62 18.0257
57 61 18.0257
57 60 18.9368
57 59 23.6685
57 58 23.6685
57 56 128.693
57 53 14.435
57 50 8.66954
57 49 8.66954
57 48 8.12843
57 39 17.4627
57 38 17.4627
57 37 17.4627
57 36 17.4627
57 34 8.85386
57 32 24.9975
57 31 24.9975
57 30 24.9975
57 29 24.9975
57 28 23.7066
57 21 24.7903
57 20 29.6972
57 19 85.6005
57 17 23.6883
57 16 23.6883
57 15 23.6883
57 13 14.842
57 12 14.842
57 5 10.8606
57 2 3.19868
57 0 3.12159
58 68 251.253
58 66 86.3227
58 65 58.2579
58 64 58.2579
58 63 58.2579
58 62 58.2579
58 61 58.2579
58 60 83.1961
58 53 33.0923
58 34 14.0185
58 32 211.11
58 31 211.11
58 30 211.11
58 29 211.11
58 28 13.3729
58 25 117.687
58 24 117.687
58 23 117.687
58 22 117.687
58 21 13.7265
58 20 1.0704
58 19 10.2154
58 13 9.68032
58 12 9.68032
58 5 6.16035
58 2 2.34281
58 0 0.584093
59 68 251.253
59 66 86.3227
59 65 58.2579
59 64 58.2579
59 63 58.2579
59 62 58.2579
59 61 58.2579
59 60 83.1961
59 53 33.0923
59 34 14.0185
59 32 211.11
59 31 211.11
59 30 211.11
59 29 211.11
59 28 13.3729
59 25 117.687
59 24 117.687
59 23 117.687
59 22 117.687
59 21 13.7265
59 20 1.0704
59 19 10.2154
59 13 9.68032
59 12 9.68032
59 5 6.16035
59 2 2.34281
59 0 0.584093
60 68 15.7985
60 66 14.497
60 65 13.459
60 64 13.459
60 63 13.459
60 62 13.459
60 61 13.459
60 59 17.7261
60 58 17.7261
60 57 20.6154
60 56 15.7888
60 53 11.3627
60 34 7.75554
60 32 16.3606
60 31 16.3606
60 30 16.3606
60 29 16.3606
60 28 7.10222
60 25 15.2163
60 24 15.2163
60 23 15.2163
60 22 15.2163
60 21 7.19599
60 20 1.0152
60 19 6.32512
60 13 6.02138
60 12 6.02138
60 5 4.33369
60 2 2.07452
60 0 0.550263
61 68 11.6331
61 66 10.7813
61 60 10.1811
61 59 12.1426
61 58 12.1426
61 57 14.02
61 56 11.9028
61 53 9.04854
61 34 6.50932
61 32 11.2208
61 31 11.2208
61 30 11.2208
61 29 11.2208
61 28 6.06667
61 25 10.9795
61 24 10.9795
61 23 10.9795
61 22 10.9795
61 21 6.11109
61 20 0.978248
61 19 5.52813
61 13 5.22574
61 12 5.22574
61 5 3.93576
61 2 1.9933
61 0 0.546584
62 68 11.6331
62 66 10.7813
62 60 10.1811
62 59 12.1426
62 58 12.1426
62 57 14.02
62 56 11.9028
62 53 9.04854
62 34 6.50932
62 32 11.2208
62 31 11.2208
62 30 11.2208
62 29 11.2208
62 28 6.06667
62 25 10.9795
62 24 10.9795
62 23 10.9795
62 22 10.9795
62 21 6.11109
62 20 0.978248
62 19 5.52813
62 13 5.22574
62 12 5.22574
62 5 3.93576
62 2 1.9933
62 0 0.546584
63 68 11.6331
63 66 10.7813
63 60 10.1811
63 59 12.1426
63 58 12.1426
63 57 14.02
63 56 11.9028
63 53 9.04854
63 34 6.50932
63 32 11.2208
63 31 11.2208
63 30 11.2208
63 29 11.2208
63 28 6.06667
63 25 10.9795
63 24 10.9795
63 23 10.9795
63 22 10.9795
63 21 6.11109
63 20 0.978248
63 19 5.52813
63 13 5.22574
63 12 5.22574
63 5 3.93576
63 2 1.9933
63 0 0.546584
64 68 11.6331
64 66 10.7813
64 60 10.1811
64 59 12.1426
64 58 12.1426
64 57 14.02
64 56 11.9028
64 53 9.04854
64 34 6.50932
64 32 11.2208
64 31 11.2208
64 30 11.2208
64 29 11.2208
64 28 6.06667
64 25 10.9795
64 24 10.9795
64 23 10.9795
64 22 10.9795
64 21 6.11109
64 20 0.978248
64 19 5.52813
64 13 5.22574
64 12 5.22574
64 5 3.93576
64 2 1.9933
64 0 0.546584
65 68 11.6331
65 66 10.7813
65 60 10.1811
65 59 12.1426
65 58 12.1426
65 57 14.02
65 56 11.9028
65 53 9.04854
65 34 6.50932
65 32 11.2208
65 31 11.2208
65 30 11.2208
65 29 11.2208
65 28 6.06667
65 25 10.9795
65 24 10.9795
65 23 10.9795
65 22 10.9795
65 21 6.11109
65 20 0.978248
65 19 5.52813
65 13 5.22574
65 12 5.22574
65 5 3.93576
65 2 1.9933
65 0 0.546584
66 68 194.332
66 65 10.834
66 64 10.834
66 63 10.834
66 62 10.834
66 61 10.834
66 60 10.7241
66 59 13.3394
66 58 13.3394
66 57 14.8792
66 56 12.2314
66 53 56.9196
66 32 12.547
66 31 12.547
66 30 12.547
66 29 12.547
66 28 6.27027
66 25 11.9128
66 24 11.9128
66 23 11.9128
66 22 11.9128
66 21 6.32873
66 20 0.979881
66 19 5.68592
66 13 5.3837
66 12 5.3837
66 5 4.00589
66 2 2.00772
66 0 0.541428
68 66 310.301
68 65 28.686
68 64 28.686
68 63 28.686
68 62 28.686
68 61 28.686
68 60 28.8563
68 59 57.5989
68 58 57.5989
68 57 141.861
68 56 43.6381
68 53 624.561
68 32 44.8079
68 31 44.8079
68 30 44.8079
68 29 44.8079
68 28 16.3501
68 21 57.0063
68 20 3.6244
68 19 8.49051
68 13 12.4175
68 12 12.4175
68 5 5.38582
68 2 2.22574
68 0 0.580411
