1 69 1.96554
1 67 1.9484
1 66 1.93676
1 65 1.93676
1 64 1.93676
1 63 1.93676
1 62 1.93676
1 61 1.88017
1 60 2.02354
1 59 2.02354
1 54 1.87512
1 53 4.45234
1 52 4.48403
1 51 9.07785
1 50 9.07785
1 49 8.50548
1 48 14.5753
1 42 23.3943
1 40 20.428
1 39 20.428
1 38 20.428
1 37 20.428
1 36 11.7222
1 33 8.60628
1 32 8.60628
1 31 8.60628
1 30 8.60628
1 29 29.6816
1 22 31.6818
1 21 28.773
1 7 918.488
1 3 471.819
1 2 63.8028
2 18 90.9516
2 17 90.9516
2 16 90.9516
2 14 104.284
2 13 104.284
2 10 167.195
2 6 381.412
2 3 118.652
2 1 44.6108
3 12 134.776
3 2 72.0705
3 1 67.6397
6 53 4.85425
6 52 4.83057
6 51 11.0075
6 50 11.0075
6 49 10.0507
6 48 20.7584
6 42 32.8512
6 40 30.947
6 39 30.947
6 38 30.947
6 37 30.947
6 29 60.6977
6 22 64.777
6 21 54.323
6 18 181.418
6 17 181.418
6 16 181.418
6 14 136.941
6 13 136.941
6 10 957.7
6 3 329.23
6 2 320.643
6 1 56.936
7 1 724.769
10 53 4.26372
10 52 4.28471
10 51 8.15425
10 50 8.15425
10 49 7.65136
10 48 12.1954
10 42 17.1781
10 40 15.8657
10 39 15.8657
10 38 15.8657
10 37 15.8657
10 29 20.732
10 22 21.5655
10 14 4.52561
10 13 4.52561
10 6 190.636
10 3 4.60568
10 2 465.677
10 1 4.44832
12 56 146.285
12 55 146.285
12 3 123.041
12 1 35.2559
13 69 9.56868
13 67 2.01248
13 66 2.00712
13 65 2.00712
13 64 2.00712
13 63 2.00712
13 62 2.00712
13 61 2.01917
13 60 2.03474
13 59 2.03474
13 54 1.95083
13 53 4.78358
13 52 4.77815
13 51 10.6629
13 50 10.6629
13 49 9.83961
13 48 18.6125
13 42 32.0764
13 40 30.0483
13 39 30.0483
13 38 30.0483
13 37 30.0483
13 33 10.8795
13 32 10.8795
13 31 10.8795
13 30 10.8795
13 29 54.5253
13 22 51.4009
13 21 46.7684
13 20 29.5391
13 3 86.7881
14 69 9.56868
14 67 2.01248
14 66 2.00712
14 65 2.00712
14 64 2.00712
14 63 2.00712
14 62 2.00712
14 61 2.01917
14 60 2.03474
14 59 2.03474
14 54 1.95083
14 53 4.78358
14 52 4.77815
14 51 10.6629
14 50 10.6629
14 49 9.83961
14 48 18.6125
14 42 32.0764
14 40 30.0483
14 39 30.0483
14 38 30.0483
14 37 30.0483
14 33 10.8795
14 32 10.8795
14 31 10.8795
14 30 10.8795
14 29 54.5253
14 22 51.4009
14 21 46.7684
14 20 29.5391
14 3 86.7881
16 21 688.878
16 20 62.7376
16 10 260.415
17 21 688.878
17 20 62.7376
17 10 260.415
18 21 688.878
18 20 62.7376
18 10 260.415
20 69 8.3197
20 67 7.80346
20 66 7.64293
20 65 7.64293
20 64 7.64293
20 63 7.64293
20 62 7.64293
20 61 7.33934
20 60 8.79299
20 59 8.79299
20 54 6.74957
20 53 4.53208
20 52 4.55309
20 51 9.57386
20 50 9.57386
20 49 8.82548
20 48 15.7775
20 40 22.2598
20 39 22.2598
20 38 22.2598
20 37 22.2598
20 29 33.3503
20 22 35.1299
20 21 45.2784
20 18 33.1155
20 17 33.1155
20 16 33.1155
20 14 18.2878
20 13 18.2878
20 6 21.9334
20 3 3.39148
20 1 3.25207
21 69 113.705
21 67 2.60495
21 66 2.59496
21 65 2.59496
21 64 2.59496
21 63 2.59496
21 62 2.59496
21 61 2.55227
21 60 2.68107
21 59 2.68107
21 54 2.47077
21 53 5.13531
21 52 5.01375
21 51 12.2632
21 50 12.2632
21 49 11.0602
21 48 25.0878
21 40 43.1127
21 39 43.1127
21 38 43.1127
21 37 43.1127
21 33 343.118
21 32 343.118
21 31 343.118
21 30 343.118
21 29 127.215
21 22 165.779
21 20 69.5085
21 18 130.672
21 17 130.672
21 16 130.672
21 14 31.1646
21 13 31.1646
21 10 82.9477
21 6 90.6242
21 3 34.1523
21 2 69.589
21 1 0.600509
22 69 13.6107
22 67 2.10045
22 66 2.09139
22 65 2.09139
22 64 2.09139
22 63 2.09139
22 62 2.09139
22 61 2.10535
22 60 2.12985
22 59 2.12985
22 54 2.03123
22 53 5.19882
22 52 5.1971
22 51 13.2429
22 50 13.2429
22 49 11.8746
22 48 33.5263
22 42 173.3
22 40 59.8467
22 39 59.8467
22 38 59.8467
22 37 59.8467
22 33 18.1842
22 32 18.1842
22 31 18.1842
22 30 18.1842
22 29 689.867
22 21 366.77
22 20 56.6776
22 14 38.8664
22 13 38.8664
22 10 212.163
22 6 203.085
22 3 43.4479
22 2 44.5098
22 1 0.600056
23 67 55.6734
23 66 42.3243
23 65 42.3243
23 64 42.3243
23 63 42.3243
23 62 42.3243
23 61 49.3341
23 60 142.622
23 59 142.622
23 57 84.4743
23 54 27.616
23 53 208.158
23 52 271.589
23 48 108.106
23 42 204.47
24 67 55.6734
24 66 42.3243
24 65 42.3243
24 64 42.3243
24 63 42.3243
24 62 42.3243
24 61 49.3341
24 60 142.622
24 59 142.622
24 57 84.4743
24 54 27.616
24 53 208.158
24 52 271.589
24 48 108.106
24 42 204.47
25 67 55.6734
25 66 42.3243
25 65 42.3243
25 64 42.3243
25 63 42.3243
25 62 42.3243
25 61 49.3341
25 60 142.622
25 59 142.622
25 57 84.4743
25 54 27.616
25 53 208.158
25 52 271.589
25 48 108.106
25 42 204.47
26 67 55.6734
26 66 42.3243
26 65 42.3243
26 64 42.3243
26 63 42.3243
26 62 42.3243
26 61 49.3341
26 60 142.622
26 59 142.622
26 57 84.4743
26 54 27.616
26 53 208.158
26 52 271.589
26 48 108.106
26 42 204.47
29 69 7.65428
29 67 1.95989
29 66 1.94955
29 65 1.94955
29 64 1.94955
29 63 1.94955
29 62 1.94955
29 61 1.93223
29 60 2.00695
29 59 2.00695
29 51 13.405
29 50 13.405
29 49 12.1298
29 40 65.6397
29 39 65.6397
29 38 65.6397
29 37 65.6397
29 33 8.29172
29 32 8.29172
29 31 8.29172
29 30 8.29172
29 22 26.1277
29 21 23.8374
29 20 18.7019
29 14 15.2476
29 13 15.2476
29 10 23.4635
29 6 22.9984
29 3 16.226
29 2 16.3496
29 1 0.593797
30 69 14.5593
30 67 13.5701
30 66 12.6882
30 65 12.6882
30 64 12.6882
30 63 12.6882
30 62 12.6882
30 61 12.1829
30 60 15.4248
30 59 15.4248
30 58 18.9892
30 57 15.834
30 54 10.7489
30 46 74.9777
30 45 74.9777
30 44 74.9777
30 43 74.9777
30 36 127.057
30 35 188.593
30 26 658.051
30 25 658.051
30 24 658.051
30 23 658.051
31 69 14.5593
31 67 13.5701
31 66 12.6882
31 65 12.6882
31 64 12.6882
31 63 12.6882
31 62 12.6882
31 61 12.1829
31 60 15.4248
31 59 15.4248
31 58 18.9892
31 57 15.834
31 54 10.7489
31 46 74.9777
31 45 74.9777
31 44 74.9777
31 43 74.9777
31 36 127.057
31 35 188.593
31 26 658.051
31 25 658.051
31 24 658.051
31 23 658.051
32 69 14.5593
32 67 13.5701
32 66 12.6882
32 65 12.6882
32 64 12.6882
32 63 12.6882
32 62 12.6882
32 61 12.1829
32 60 15.4248
32 59 15.4248
32 58 18.9892
32 57 15.834
32 54 10.7489
32 46 74.9777
32 45 74.9777
32 44 74.9777
32 43 74.9777
32 36 127.057
32 35 188.593
32 26 658.051
32 25 658.051
32 24 658.051
32 23 658.051
33 69 14.5593
33 67 13.5701
33 66 12.6882
33 65 12.6882
33 64 12.6882
33 63 12.6882
33 62 12.6882
33 61 12.1829
33 60 15.4248
33 59 15.4248
33 58 18.9892
33 57 15.834
33 54 10.7489
33 46 74.9777
33 45 74.9777
33 44 74.9777
33 43 74.9777
33 36 127.057
33 35 188.593
33 26 658.051
33 25 658.051
33 24 658.051
33 23 658.051
35 66 7.29532
35 65 7.29532
35 64 7.29532
35 63 7.29532
35 62 7.29532
35 61 7.35385
35 60 8.50018
35 59 8.50018
35 58 9.72777
35 57 8.22142
35 46 121.255
35 45 121.255
35 44 121.255
35 43 121.255
35 42 107.99
35 36 383.047
35 33 181.021
35 32 181.021
35 31 181.021
35 30 181.021
35 20 101.146
36 46 162.812
36 45 162.812
36 44 162.812
36 43 162.812
36 42 127.933
36 35 8.45922
36 33 8.11474
36 32 8.11474
36 31 8.11474
36 30 8.11474
36 20 7.84607
36 12 14.3263
36 3 12.9747
36 2 13.0993
36 1 76.6142
37 67 4.90639
37 66 4.78777
37 65 4.78777
37 64 4.78777
37 63 4.78777
37 62 4.78777
37 61 4.61306
37 60 5.02841
37 59 5.02841
37 57 5.2171
37 54 104.125
37 42 146.899
37 36 46.2134
37 35 6.96326
37 29 498.945
37 22 24.745
37 14 14.5673
37 13 14.5673
37 10 22.5183
37 6 21.8335
37 3 15.6623
37 2 15.8371
37 1 0.590858
38 67 4.90639
38 66 4.78777
38 65 4.78777
38 64 4.78777
38 63 4.78777
38 62 4.78777
38 61 4.61306
38 60 5.02841
38 59 5.02841
38 57 5.2171
38 54 104.125
38 42 146.899
38 36 46.2134
38 35 6.96326
38 29 498.945
38 22 24.745
38 14 14.5673
38 13 14.5673
38 10 22.5183
38 6 21.8335
38 3 15.6623
38 2 15.8371
38 1 0.590858
39 67 4.90639
39 66 4.78777
39 65 4.78777
39 64 4.78777
39 63 4.78777
39 62 4.78777
39 61 4.61306
39 60 5.02841
39 59 5.02841
39 57 5.2171
39 54 104.125
39 42 146.899
39 36 46.2134
39 35 6.96326
39 29 498.945
39 22 24.745
39 14 14.5673
39 13 14.5673
39 10 22.5183
39 6 21.8335
39 3 15.6623
39 2 15.8371
39 1 0.590858
40 67 4.90639
40 66 4.78777
40 65 4.78777
40 64 4.78777
40 63 4.78777
40 62 4.78777
40 61 4.61306
40 60 5.02841
40 59 5.02841
40 57 5.2171
40 54 104.125
40 42 146.899
40 36 46.2134
40 35 6.96326
40 29 498.945
40 22 24.745
40 14 14.5673
40 13 14.5673
40 10 22.5183
40 6 21.8335
40 3 15.6623
40 2 15.8371
40 1 0.590858
42 54 347.505
42 53 20.6493
42 48 295.104
42 36 69.18
42 35 7.33975
42 26 275.055
42 25 275.055
42 24 275.055
42 23 275.055
42 22 2.43744
42 14 2.37387
42 13 2.37387
42 6 2.42849
42 3 2.41216
42 2 2.41614
42 1 0.496327
43 48 495.814
43 36 85.2884
43 35 7.77293
43 33 7.42314
43 32 7.42314
43 31 7.42314
43 30 7.42314
44 48 495.814
44 36 85.2884
44 35 7.77293
44 33 7.42314
44 32 7.42314
44 31 7.42314
44 30 7.42314
45 48 495.814
45 36 85.2884
45 35 7.77293
45 33 7.42314
45 32 7.42314
45 31 7.42314
45 30 7.42314
46 48 495.814
46 36 85.2884
46 35 7.77293
46 33 7.42314
46 32 7.42314
46 31 7.42314
46 30 7.42314
48 54 465.408
48 53 6.44716
48 52 6.46466
48 51 60.5604
48 50 60.5604
48 49 38.7499
48 42 149.787
48 26 103.158
48 25 103.158
48 24 103.158
48 23 103.158
48 22 5.40138
48 21 5.28831
48 20 4.83753
48 14 4.69791
48 13 4.69791
48 10 5.26402
48 6 5.20131
48 3 4.7421
48 2 4.76672
48 1 0.544804
49 54 32.6454
49 53 5.45853
49 52 5.49758
49 51 55.3815
49 50 55.3815
49 48 34.7957
49 29 14.5515
49 22 9.25843
49 21 8.94074
49 20 7.8551
49 14 7.34067
49 13 7.34067
49 10 8.94025
49 6 8.7594
49 3 7.58301
49 2 7.60627
49 1 0.571588
50 57 121.443
50 54 31.993
50 53 69.8764
50 52 388.124
50 49 11.5204
50 48 225.873
50 29 22.0491
50 22 11.8327
50 21 11.3336
50 20 9.68334
50 14 8.88281
50 13 8.88281
50 10 11.3493
50 6 11.0926
50 3 9.27495
50 2 9.2827
50 1 0.579193
51 57 121.443
51 54 31.993
51 53 69.8764
51 52 388.124
51 49 11.5204
51 48 225.873
51 29 22.0491
51 22 11.8327
51 21 11.3336
51 20 9.68334
51 14 8.88281
51 13 8.88281
51 10 11.3493
51 6 11.0926
51 3 9.27495
51 2 9.2827
51 1 0.579193
52 54 34.6813
52 53 84.2856
52 51 88.0383
52 50 88.0383
52 49 31.555
52 48 181.068
52 36 19.0651
52 35 5.90049
52 33 5.70031
52 32 5.70031
52 31 5.70031
52 30 5.70031
52 22 5.19629
52 21 5.19048
52 20 4.69266
52 14 4.55332
52 13 4.55332
52 10 5.10292
52 6 5.058
52 3 4.61336
52 2 4.63382
52 1 0.544491
53 54 56.1716
53 52 234.005
53 51 63.9732
53 50 63.9732
53 49 31.4007
53 48 168.926
53 46 33.9069
53 45 33.9069
53 44 33.9069
53 43 33.9069
53 42 15.6867
53 36 24.4838
53 35 6.34883
53 33 6.1256
53 32 6.1256
53 31 6.1256
53 30 6.1256
53 22 5.20707
53 21 5.09302
53 20 4.71027
53 14 4.56013
53 13 4.56013
53 10 5.1098
53 6 5.05201
53 3 4.64567
53 2 4.66208
53 1 0.546041
54 69 562.29
54 67 42.2472
54 66 8.54667
54 65 8.54667
54 64 8.54667
54 63 8.54667
54 62 8.54667
54 61 8.49361
54 60 10.0993
54 59 10.0993
54 58 10.8432
54 57 9.3488
54 53 21.5691
54 52 19.6599
54 51 16.5185
54 50 16.5185
54 49 32.2557
54 48 187.878
54 46 80.4595
54 45 80.4595
54 44 80.4595
54 43 80.4595
54 42 21.311
54 36 41.9418
54 33 9.64616
54 32 9.64616
54 31 9.64616
54 30 9.64616
54 26 9.22486
54 25 9.22486
54 24 9.22486
54 23 9.22486
54 22 5.46789
54 21 0.959323
54 20 4.93219
54 14 4.75779
54 13 4.75779
54 6 3.59257
54 3 1.90468
54 1 0.529152
55 12 136.827
56 12 136.827
57 69 29.4647
57 67 24.0673
57 66 21.0932
57 65 21.0932
57 64 21.0932
57 63 21.0932
57 62 21.0932
57 61 23.3412
57 60 34.4702
57 59 34.4702
57 54 16.7922
57 51 157.185
57 50 157.185
57 35 9.65516
57 33 31.208
57 32 31.208
57 31 31.208
57 30 31.208
57 26 27.2017
57 25 27.2017
57 24 27.2017
57 23 27.2017
58 69 22.9306
58 67 19.9926
58 66 18.0257
58 65 18.0257
58 64 18.0257
58 63 18.0257
58 62 18.0257
58 61 18.9368
58 60 23.6685
58 59 23.6685
58 57 128.693
58 54 14.435
58 51 8.66954
58 50 8.66954
58 49 8.12843
58 40 17.4627
58 39 17.4627
58 38 17.4627
58 37 17.4627
58 35 8.85386
58 33 24.9975
58 32 24.9975
58 31 24.9975
58 30 24.9975
58 29 23.7066
58 22 24.7903
58 21 29.6972
58 20 85.6005
58 18 23.6883
58 17 23.6883
58 16 23.6883
58 14 14.842
58 13 14.842
58 6 10.8606
58 3 3.19868
58 1 3.12159
59 69 251.253
59 67 86.3227
59 66 58.2579
59 65 58.2579
59 64 58.2579
59 63 58.2579
59 62 58.2579
59 61 83.1961
59 54 33.0923
59 35 14.0185
59 33 211.11
59 32 211.11
59 31 211.11
59 30 211.11
59 29 13.3729
59 26 117.687
59 25 117.687
59 24 117.687
59 23 117.687
59 22 13.7265
59 21 1.0704
59 20 10.2154
59 14 9.68032
59 13 9.68032
59 6 6.16035
59 3 2.34281
59 1 0.584093
60 69 251.253
60 67 86.3227
60 66 58.2579
60 65 58.2579
60 64 58.2579
60 63 58.2579
60 62 58.2579
60 61 83.1961
60 54 33.0923
60 35 14.0185
60 33 211.11
60 32 211.11
60 31 211.11
60 30 211.11
60 29 13.3729
60 26 117.687
60 25 117.687
60 24 117.687
60 23 117.687
60 22 13.7265
60 21 1.0704
60 20 10.2154
60 14 9.68032
60 13 9.68032
60 6 6.16035
60 3 2.34281
60 1 0.584093
61 69 15.7985
61 67 14.497
61 66 13.459
61 65 13.459
61 64 13.459
61 63 13.459
61 62 13.459
61 60 17.7261
61 59 17.7261
61 58 20.6154
61 57 15.7888
61 54 11.3627
61 35 7.75554
61 33 16.3606
61 32 16.3606
61 31 16.3606
61 30 16.3606
61 29 7.10222
61 26 15.2163
61 25 15.2163
61 24 15.2163
61 23 15.2163
61 22 7.19599
61 21 1.0152
61 20 6.32512
61 14 6.02138
61 13 6.02138
61 6 4.33369
61 3 2.07452
61 1 0.550263
62 69 11.6331
62 67 10.7813
62 61 10.1811
62 60 12.1426
62 59 12.1426
62 58 14.02
62 57 11.9028
62 54 9.04854
62 35 6.50932
62 33 11.2208
62 32 11.2208
62 31 11.2208
62 30 11.2208
62 29 6.06667
62 26 10.9795
62 25 10.9795
62 24 10.9795
62 23 10.9795
62 22 6.11109
62 21 0.978248
62 20 5.52813
62 14 5.22574
62 13 5.22574
62 6 3.93576
62 3 1.9933
62 1 0.546584
63 69 11.6331
63 67 10.7813
63 61 10.1811
63 60 12.1426
63 59 12.1426
63 58 14.02
63 57 11.9028
63 54 9.04854
63 35 6.50932
63 33 11.2208
63 32 11.2208
63 31 11.2208
63 30 11.2208
63 29 6.06667
63 26 10.9795
63 25 10.9795
63 24 10.9795
63 23 10.9795
63 22 6.11109
63 21 0.978248
63 20 5.52813
63 14 5.22574
63 13 5.22574
63 6 3.93576
63 3 1.9933
63 1 0.546584
64 69 11.6331
64 67 10.7813
64 61 10.1811
64 60 12.1426
64 59 12.1426
64 58 14.02
64 57 11.9028
64 54 9.04854
64 35 6.50932
64 33 11.2208
64 32 11.2208
64 31 11.2208
64 30 11.2208
64 29 6.06667
64 26 10.9795
64 25 10.9795
64 24 10.9795
64 23 10.9795
64 22 6.11109
64 21 0.978248
64 20 5.52813
64 14 5.22574
64 13 5.22574
64 6 3.93576
64 3 1.9933
64 1 0.546584
65 69 11.6331
65 67 10.7813
65 61 10.1811
65 60 12.1426
65 59 12.1426
65 58 14.02
65 57 11.9028
65 54 9.04854
65 35 6.50932
65 33 11.2208
65 32 11.2208
65 31 11.2208
65 30 11.2208
65 29 6.06667
65 26 10.9795
65 25 10.9795
65 24 10.9795
65 23 10.9795
65 22 6.11109
65 21 0.978248
65 20 5.52813
65 14 5.22574
65 13 5.22574
65 6 3.93576
65 3 1.9933
65 1 0.546584
66 69 11.6331
66 67 10.7813
66 61 10.1811
66 60 12.1426
66 59 12.1426
66 58 14.02
66 57 11.9028
66 54 9.04854
66 35 6.50932
66 33 11.2208
66 32 11.2208
66 31 11.2208
66 30 11.2208
66 29 6.06667
66 26 10.9795
66 25 10.9795
66 24 10.9795
66 23 10.9795
66 22 6.11109
66 21 0.978248
66 20 5.52813
66 14 5.22574
66 13 5.22574
66 6 3.93576
66 3 1.9933
66 1 0.546584
67 69 194.332
67 66 10.834
67 65 10.834
67 64 10.834
67 63 10.834
67 62 10.834
67 61 10.7241
67 60 13.3394
67 59 13.3394
67 58 14.8792
67 57 12.2314
67 54 56.9196
67 33 12.547
67 32 12.547
67 31 12.547
67 30 12.547
67 29 6.27027
67 26 11.9128
67 25 11.9128
67 24 11.9128
67 23 11.9128
67 22 6.32873
67 21 0.979881
67 20 5.68592
67 14 5.3837
67 13 5.3837
67 6 4.00589
67 3 2.00772
67 1 0.541428
69 67 310.301
69 66 28.686
69 65 28.686
69 64 28.686
69 63 28.686
69 62 28.686
69 61 28.8563
69 60 57.5989
69 59 57.5989
69 58 141.861
69 57 43.6381
69 54 624.561
69 33 44.8079
69 32 44.8079
69 31 44.8079
69 30 44.8079
69 29 16.3501
69 22 57.0063
69 21 3.6244
69 20 8.49051
69 14 12.4175
69 13 12.4175
69 6 5.38582
69 3 2.22574
69 1 0.580411
