1 3
1 7
1 9
2 3
3 1
3 2
3 6
3 7
4 6
4 8
5 10
5 11
6 3
6 4
6 8
6 13
6 17
7 1
7 3
7 9
7 13
8 4
8 6
8 11
8 16
9 1
9 7
9 12
9 13
10 5
10 11
10 18
10 20
11 5
11 8
11 10
11 19
12 9
13 6
13 7
13 9
13 14
13 15
14 13
14 17
14 22
15 13
16 8
16 17
16 19
16 22
17 6
17 14
17 16
17 22
18 10
18 19
18 21
19 11
19 16
19 18
19 22
20 10
20 21
20 30
20 58
21 18
21 20
21 22
21 23
22 14
22 16
22 17
22 19
22 21
22 23
22 25
22 28
22 29
22 40
23 21
23 22
23 24
23 31
24 23
24 25
24 26
24 33
25 22
25 24
25 26
26 24
26 25
26 27
26 28
27 26
27 28
27 33
27 35
28 22
28 26
28 27
28 37
29 22
29 41
29 49
30 20
30 31
30 60
31 23
31 30
31 32
31 60
32 31
32 33
32 34
32 60
33 24
33 27
33 32
33 34
34 32
34 33
34 35
34 60
35 27
35 34
35 36
35 71
36 35
36 43
36 44
36 71
37 28
37 38
37 42
38 37
38 39
38 42
39 38
39 40
39 48
40 22
40 39
40 41
40 48
41 29
41 40
41 49
42 37
42 38
42 43
42 45
43 36
43 42
43 44
43 45
44 36
44 43
44 46
44 54
45 42
45 43
45 46
45 47
46 44
46 45
46 47
46 54
47 45
47 46
47 48
47 74
48 39
48 40
48 47
48 49
48 51
48 52
48 53
48 54
48 74
49 29
49 41
49 48
49 50
49 73
50 49
50 51
50 73
51 48
51 50
51 52
52 48
52 51
52 53
53 48
53 52
53 54
54 44
54 46
54 48
54 53
55 57
56 57
57 55
57 56
57 58
57 59
58 20
58 57
58 59
59 57
59 58
59 60
59 72
60 30
60 31
60 32
60 34
60 59
60 61
60 63
60 65
60 67
60 69
60 71
60 72
61 60
62 63
63 60
63 62
63 65
64 65
65 60
65 63
65 64
65 66
66 65
67 60
67 68
67 69
68 67
69 60
69 67
69 70
69 71
70 69
71 35
71 36
71 60
71 69
72 59
72 60
73 49
73 50
74 47
74 48
