0.238965 4 4
0.222813 4 4
0.402046 4 4
0.106992 4 4
0.240297 4 4
0.108032 4 4
0.109499 4 4
0.349058 4 4
0.153312 4 4
0.089394 4 4
0.15102 4 4
0.38247 4 4
0.107665 4 4
0.151643 4 4
0.043012 4 4
0.283196 4 4
0.364887 4 4
0.218902 4 4
0.346955 4 4
0.105565 4 4
0.088559 4 4
0.090973 4 4
0.038664 4 4
0.085073 4 4
0.177718 4 4
0.403219 4 4
0.104603 4 4
0.14344 4 4
0.064058 4 4
0.148699 4 4
0.026278 4 4
0.151084 4 4
0.166898 4 4
0.374745 4 4
0.085183 4 4
0.026149 4 4
0.375603 4 4
0.142648 4 4
0.279406 4 4
0.092749 4 4
0.06509 4 4
0.135662 4 4
0.285875 4 4
0.125066 4 4
0.101234 4 4
0.152652 4 4
0.296532 4 4
0.176796 4 4
0.021253 4 4
0.068955 4 4
0.048602 4 4
0.361371 4 4
0.105394 4 4
0.022086 4 4
0.173992 4 4
0.149754 4 4
0.035226 4 4
0.079145 4 4
0.372797 4 4
0.069246 4 4
0.055958 4 4
0.181953 4 4
0.169507 4 4
0.298718 4 4
0.185326 4 4
0.187847 4 4
0.079639 4 4
0.280603 4 4
0.105465 4 4
0.066967 4 4
0.146429 4 4
0.048681 4 4
0.16739 4 4
0.177751 4 4
0.104238 4 4
0.178312 4 4
0.209962 4 4
0.259227 4 4
0.096405 4 4
0.456892 4 4
0.066174 4 4
0.178258 4 4
0.036689 4 4
0.458553 4 4
0.035789 4 4
0.026787 4 4
0.023691 4 4
0.171367 4 4
0.190037 4 4
0.026642 4 4
0.060308 4 4
0.015691 4 4
0.056615 4 4
0.050181 4 4
0.027124 4 4
0.050573 4 4
0.04948 4 4
0.227875 4 4
0.461083 4 4
0.257355 4 4
0.023266 4 4
0.048994 4 4
0.116163 4 4
0.093035 4 4
0.078876 4 4
0.862656 4 4
0.187372 4 4
0.032359 4 4
0.114214 4 4
0.466823 4 4
0.032998 4 4
0.060154 4 4
0.176349 4 4
0.060355 4 4
0.096065 4 4
0.026445 4 4
0.11114 4 4
0.17295 4 4
0.238906 4 4
0.098353 4 4
0.067686 4 4
0.026979 4 4
0.067929 4 4
0.13036 4 4
0.140899 4 4
0.464692 4 4
0.129099 4 4
0.09253 4 4
0.119188 4 4
0.096513 4 4
0.23694 4 4
0.113432 4 4
0.20547 4 4
0.122455 4 4
0.047781 4 4
0.169636 4 4
0.054144 4 4
0.04926 4 4
0.086214 4 4
0.048731 4 4
0.018762 4 4
0.245609 4 4
0.446617 4 4
0.019853 4 4
0.052977 4 4
0.624606 4 4
0.084891 4 4
0.049483 4 4
0.573397 4 4
0.172289 4 4
0.101052 4 4
0.082974 4 4
0.084105 4 4
0.227668 4 4
0.086944 4 4
0.065806 4 4
0.107891 4 4
0.10728 4 4
0.068433 4 4
0.045602 4 4
0.262186 4 4
0.08731 4 4
0.108835 4 4
0.026912 4 4
0.076107 4 4
0.045613 4 4
0.027521 4 4
0.040511 4 4
0.157395 4 4
0.081303 4 4
0.040089 4 4
0.274471 4 4
0.07844 4 4
0.255123 4 4
0.646177 4 4
0.269385 4 4
0.246443 4 4
0.575118 4 4
0.238143 4 4
0.201959 4 4
0.355088 4 4
0.111477 4 4
0.877102 4 4
0.5831 4 4
0.244123 4 4
0.187173 4 4
0.249452 4 4
0.188388 4 4
0.288628 4 4
0.211827 4 4
0.570832 4 4
0.294092 4 4
0.213478 4 4
0.240483 4 4
0.21205 4 4
0.124295 4 4
0.204566 4 4
0.124731 4 4
0.200888 4 4
0.262637 4 4
0.153831 4 4
0.361317 4 4
0.204645 4 4
0.187275 4 4
0.158886 4 4
0.183314 4 4
0.162691 4 4
0.162372 4 4
0.266545 4 4
0.190582 4 4
0.157897 4 4
0.13057 4 4
0.263774 4 4
0.135526 4 4
0.11898 4 4
0.080857 4 4
0.117691 4 4
0.179319 4 4
0.108607 4 4
0.207543 4 4
0.124498 4 4
0.649394 4 4
0.135342 4 4
0.244542 4 4
0.126147 4 4
0.192359 4 4
0.339724 4 4
0.112396 4 4
0.649959 4 4
0.052273 4 4
0.13867 4 4
0.058217 4 4
0.026395 4 4
0.082705 4 4
0.240716 4 4
0.028621 4 4
0.08412 4 4
0.088355 4 4
0.096311 4 4
0.130509 4 4
0.039206 4 4
0.279353 4 4
0.041562 4 4
0.18314 4 4
0.281204 4 4
0.077249 4 4
0.23159 4 4
0.082871 4 4
0.120317 4 4
0.203815 4 4
0.33739 4 4
0.236104 4 4
0.081947 4 4
0.109156 4 4
0.253689 4 4
0.211827 4 4
0.079733 4 4
0.097934 4 4
