1 1 4.0 3.111103889771924 1
1 2 4.0 1.7298683799082757 1
1 3 6.0 2.4612534829764003 1
1 4 6.0 5.3741287810192295 1
2 1 5.0 1.888943911732317 1
2 2 2.0 1.500335957300705 1
2 3 3.0 2.841899447566085 1
2 4 2.0 0.5792616498622405 1
2 5 4.0 0.43857762954000723 1
2 6 6.0 2.758710502127961 1
2 7 3.0 1.4873028329197653 1
2 8 4.0 1.6046230983853977 1
3 1 3.0 2.47526444476841 1
3 2 5.0 0.8143703513878492 1
3 3 2.0 0.18422116318964 1
3 4 2.0 0.6951845801693246 1
3 5 4.0 0.8775779848633505 1
3 6 6.0 4.0531337142166235 1
3 7 2.0 0.23690328210184708 1
3 8 4.0 3.0742038730663057 1
4 1 4.0 3.312629509053244 1
4 2 3.0 0.5217555640958675 1
4 3 6.0 3.02388742536099 1
4 4 5.0 1.8479443180442146 1
4 5 4.0 2.78219895286148 1
4 6 4.0 0.08119978574814413 1
4 7 5.0 1.549799958519864 1
4 8 3.0 1.4913131272793605 1
5 1 4.0 1.6509969272558118 1
5 2 3.0 1.8130831944706438 1
5 3 6.0 2.872191576706948 1
5 4 5.0 1.0305245250237842 1
5 5 6.0 4.312754037814905 1
5 6 3.0 2.092419012330403 1
5 7 2.0 1.2694062995504243 1
6 1 2.0 0.5714991497535082 1
6 2 3.0 2.091547940742152 1
6 3 6.0 5.577277318769365 1
6 4 3.0 0.26649861816315135 1
6 5 5.0 2.119926706733459 1
6 6 4.0 2.4190932553666813 1
6 7 5.0 2.776538488486528 1
7 1 4.0 3.297978315551722 1
7 2 2.0 1.4404928233227867 1
7 3 2.0 0.48175081537592535 1
7 4 5.0 4.087966186444019 1
7 5 1.0 0.01105338516965293 1
7 6 3.0 2.2069513185340557 1
7 7 5.0 4.577631210347431 1
7 8 6.0 5.207885919223461 1
8 1 3.0 1.2241851292737276 1
8 2 4.0 1.7679180140866397 1
8 3 5.0 0.6807770327621404 1
8 4 6.0 2.096430626760378 1
8 5 4.0 0.9638802176686849 1
8 6 4.0 3.3257976879732656 1
9 1 4.0 3.0456767252294403 1
9 2 4.0 1.2961327355657177 1
9 3 2.0 0.31691781284706777 1
9 4 5.0 1.0406948625704988 1
9 5 1.0 0.9851966013040002 1
9 6 3.0 2.201001372312201 1
9 7 2.0 1.1829990369292238 1
10 1 5.0 3.6483522789442153 1
10 2 2.0 0.1167858339765806 1
10 3 1.0 0.9862812547087484 1
10 4 5.0 1.9961572803100236 1
10 5 2.0 1.107602245526454 1
10 6 4.0 3.889788721731988 1
10 7 4.0 3.1468642916047607 1
11 1 6.0 4.581938737662893 1
11 2 3.0 0.4239788199518566 1
11 3 4.0 3.5758416051704995 1
11 4 3.0 1.5124656556107547 1
11 5 4.0 1.1852758419139167 1
11 6 4.0 0.34925839665919645 1
12 1 4.0 1.3523568560766743 1
12 2 2.0 1.8245852096059767 1
12 3 6.0 4.838744336745378 1
12 4 4.0 2.3727254623667777 1
12 5 2.0 1.0144506011188195 1
12 6 2.0 1.3635596972966968 1
12 7 5.0 4.951128276361884 1
12 8 2.0 1.1847382728454279 1
12 9 5.0 3.9455833428020637 1
13 1 4.0 2.72359798316944 1
13 2 3.0 2.932774566136956 1
13 3 6.0 3.3123773740974287 1
13 4 4.0 1.062919662406662 1
13 5 2.0 1.6520980911919907 1
14 1 5.0 3.852361819973379 1
14 2 3.0 2.4954208090889933 1
14 3 4.0 1.5276623915198244 1
14 4 6.0 0.844865546776189 1
14 5 2.0 1.6953440300992144 1
14 6 4.0 3.5715667378387352 1
14 7 2.0 0.04788362182618511 1
14 8 4.0 0.41554903706801616 1
15 1 6.0 1.3996204410627522 1
15 2 4.0 1.6591535654585905 1
15 3 4.0 2.5611662434817024 1
15 4 2.0 0.22228443899579609 1
16 1 5.0 1.7150166491984113 1
16 2 3.0 2.269476190638269 1
16 3 6.0 1.5393241253313823 1
16 4 3.0 1.7851456530874965 1
16 5 2.0 1.008020560686839 1
17 1 5.0 1.4202974735159484 1
17 2 2.0 1.4312754210177339 1
17 3 5.0 0.5987273198782961 1
17 4 2.0 1.8794774093575775 1
17 5 2.0 0.2614910705288893 1
17 6 4.0 3.479247923880142 1
18 1 6.0 0.8233970924287268 1
18 2 5.0 1.3111047770552937 1
18 3 4.0 1.560245785218351 1
18 4 3.0 2.7098485604975404 1
19 1 4.0 3.441709683591399 1
19 2 3.0 2.9008721821315753 1
19 3 6.0 1.1091243161809339 1
19 4 3.0 0.5121143427488865 1
19 5 5.0 4.339633987711621 1
19 6 2.0 1.1156347428235576 1
19 7 4.0 0.7135113143868796 1
19 8 4.0 1.1566077884176194 1
20 1 6.0 1.605613411538179 1
20 2 5.0 3.014137514525858 1
20 3 3.0 2.6141654385631905 1
20 4 1.0 0.07543618449803857 1
20 5 2.0 0.392840619885233 1
20 6 5.0 2.450095966392816 1
