25900.200640
23403.473190
25900.200640
4958.180928
23403.473190
17110.523720
23403.473190
17110.523720
17782.794100
4908.826730
17782.794100
4947.995469
10000.000000
4958.180928
4947.995469
4898.587646
7841.811310
23403.473190
4898.587646
7841.811310
5050.193156
5045.822583
10000.000000
5050.193156
13915.788420
13915.788420
10000.000000
13512.001550
4854.917717
4993.510694
4908.826730
10000.000000
4908.826730
4876.508287
23403.473190
4908.826730
25900.200640
25900.200640
5091.256152
4876.508287
5127.526119
4924.790605
13512.001550
5127.526119
14564.753150
9599.180565
5045.822583
4854.917717
5229.910063
19679.896710
4993.510694
5229.910063
4823.950831
23403.473190
19679.896710
23403.473190
14564.753150
4823.950831
5002.607563
23403.473190
5002.607563
5059.912340
5075.697193
5059.912340
5229.910063
4885.357564
9599.180565
5075.697193
5229.910063
5000.000000
4924.790605
5000.000000
5078.508436
5091.256152
4885.357564
5078.508436
