1 3 12 4.0 2.3844722056709724 1
1 12 11 6.0 5.355624973317249 1
1 11 4 6.0 5.845703658968219 1
2 6 8 2.0 0.9983305526655133 1
2 8 7 3.0 0.030029877763242507 1
2 7 18 2.0 1.9184309550099934 1
2 18 20 4.0 0.062081526442676616 1
2 20 21 6.0 0.24185726352185632 1
2 21 24 3.0 1.098118393512251 1
2 24 13 4.0 3.127311484645025 1
3 8 16 5.0 3.32810904332695 1
3 16 17 2.0 1.6346315711722792 1
3 17 19 2.0 1.157473898746467 1
3 19 20 4.0 0.5971896475111209 1
3 20 21 6.0 0.4009470157880859 1
3 21 22 2.0 0.7522626339754799 1
3 22 23 4.0 3.7052389637530063 1
4 24 21 3.0 0.6686895638071191 1
4 21 20 6.0 2.8553022040841336 1
4 20 22 5.0 4.900024232170571 1
4 22 23 4.0 0.28188692286761974 1
4 23 14 4.0 0.9556812911549768 1
4 14 15 5.0 1.7999252155345498 1
4 15 19 3.0 0.24327487843538065 1
5 13 12 3.0 2.95777339744231 1
5 12 11 6.0 1.2566687723574663 1
5 11 10 5.0 3.127399073825609 1
5 10 15 6.0 2.6816572891481307 1
5 15 22 3.0 0.43933711719815094 1
5 22 21 2.0 0.07779875005017733 1
6 22 15 3.0 0.5263980310172095 1
6 15 10 6.0 2.2026289992118846 1
6 10 9 3.0 1.8369504725927381 1
6 9 5 5.0 0.7596861266972527 1
6 5 6 4.0 1.6884353753267405 1
6 6 2 5.0 4.46475411966773 1
7 17 16 2.0 1.5569706353226958 1
7 16 8 5.0 2.545465475652284 1
7 8 9 1.0 0.44360209299344544 1
7 9 10 3.0 2.7393872121051746 1
7 10 11 5.0 3.7728079579060765 1
7 11 12 6.0 1.2019535107246622 1
8 16 10 4.0 0.1056247544184612 1
8 10 11 5.0 3.893179044471168 1
8 11 12 6.0 2.044022986201438 1
8 12 3 4.0 1.99344021383116 1
8 3 1 4.0 2.9901834372184406 1
9 3 4 4.0 3.72596171611632 1
9 4 5 2.0 0.2618616987007052 1
9 5 9 5.0 3.6640660431753265 1
9 9 8 1.0 0.40427991056483503 1
9 8 7 3.0 0.11457748861853212 1
9 7 18 2.0 0.9966425258510092 1
10 6 8 2.0 0.5517984462434025 1
10 8 9 1.0 0.9618463222035806 1
10 9 5 5.0 3.1028868195200623 1
10 5 4 2.0 1.3544566908096198 1
10 4 3 4.0 0.6362227547836308 1
10 3 1 4.0 3.3920887406820897 1
11 21 24 3.0 2.8549708157352747 1
11 24 13 4.0 3.3040936458427033 1
11 13 12 3.0 2.296832901999406 1
11 12 3 4.0 3.680059054942963 1
11 3 1 4.0 2.328462302788937 1
12 22 21 2.0 0.0812276247769037 1
12 21 20 6.0 3.1749329120756187 1
12 20 19 4.0 1.3462880367113987 1
12 19 17 2.0 0.7174537607160438 1
12 17 16 2.0 1.898751367084176 1
12 16 8 5.0 0.2846384891520565 1
12 8 6 2.0 1.873968908766923 1
12 6 2 5.0 2.0769644909560543 1
13 24 21 3.0 2.7545608498240046 1
13 21 20 6.0 2.133142775227385 1
13 20 18 4.0 0.6221501577690192 1
13 18 7 2.0 0.9211623311618935 1
14 15 19 3.0 2.502984808598175 1
14 19 20 4.0 0.5107939767003109 1
14 20 21 6.0 4.929592159187102 1
14 21 22 2.0 0.6032608787218534 1
14 22 23 4.0 2.473604295047524 1
14 23 24 2.0 0.8630857908170024 1
14 24 13 4.0 2.23657026866348 1
15 11 14 4.0 1.1676649010946378 1
15 14 23 4.0 2.1274175010198 1
15 23 24 2.0 1.2721974365611057 1
16 9 10 3.0 2.5912194147714307 1
16 10 15 6.0 5.353320651829824 1
16 15 22 3.0 0.4196226940628127 1
16 22 21 2.0 1.6431476267249667 1
17 6 8 2.0 0.7542047863927095 1
17 8 16 5.0 1.6057612178694454 1
17 16 17 2.0 0.6681167709656377 1
17 17 19 2.0 0.5290946348594943 1
17 19 20 4.0 2.3878899105194593 1
18 11 10 5.0 0.788051390790791 1
18 10 16 4.0 2.6588046907863307 1
18 16 18 3.0 1.0321893399808901 1
19 19 15 3.0 0.19022587067804086 1
19 15 10 6.0 1.5930310743614131 1
19 10 9 3.0 1.9243051616894078 1
19 9 5 5.0 1.2372525744447915 1
19 5 4 2.0 1.4260260831627725 1
19 4 3 4.0 2.9971915349180924 1
19 3 1 4.0 1.8805185791762917 1
20 11 10 5.0 4.308267051743182 1
20 10 9 3.0 1.9598649195016111 1
20 9 8 1.0 0.6512911746057408 1
20 8 6 2.0 1.7699467028614653 1
20 6 2 5.0 1.9149000617902394 1
