1 1 3 12 11 4 0 0 0 0 0
2 2 6 8 7 18 20 21 24 13 0
3 7 8 16 17 19 20 21 22 23 0
4 13 24 21 20 22 23 14 15 19 0
5 24 13 12 11 10 15 22 21 0 0
6 21 22 15 10 9 5 6 2 0 0
7 20 19 17 16 8 9 10 11 12 0
8 18 16 10 11 12 3 1 0 0 0
9 1 3 4 5 9 8 7 18 0 0
10 2 6 8 9 5 4 3 1 0 0
11 20 21 24 13 12 3 1 0 0 0
12 23 22 21 20 19 17 16 8 6 2
13 13 24 21 20 18 7 0 0 0 0
14 14 15 19 20 21 22 23 24 13 0
15 4 11 14 23 24 0 0 0 0 0
16 5 9 10 15 22 21 0 0 0 0
17 2 6 8 16 17 19 20 0 0 0
18 12 11 10 16 18 0 0 0 0 0
19 20 19 15 10 9 5 4 3 1 0
20 12 11 10 9 8 6 2 0 0 0
